tree
version=v4
num_class=1
num_tree_per_iteration=1
label_index=0
max_feature_idx=18
objective=binary sigmoid:1
feature_names=boat_number national_win_rate local_win_rate motor_2連率 boat_hull_2連率 average_start_timing course_win_rate racer_class_rank national_2連率 local_2連率 flying_count late_count exhibition_time tilt_angle wind_speed_m wave_height_cm course_nige_rate course_sashi_rate course_makuri_rate
feature_infos=[1:6] [0:8.7699999999999996] [0:9] [0:88.890000000000001] [0:72.219999999999999] [0:0.28000000000000003] [0.029999999999999999:0.55000000000000004] [1:4] [0:68.040000000000006] [0:88.239999999999995] [0:2] none [6.4000000000000004:7.2300000000000004] [-0.5:3] [0:8] [0:10] [0:0.46999999999999997] [0.01:0.10000000000000001] [0.01:0.059999999999999998]
tree_sizes=1658 1705 1719 1709 1717 1721 1717 1730 1723 1716 1724 1719 1712 1721 1712 1713 1727 1710 1721 1727 1710 1723 1726 1715 1729 1709 1723 1715 1742 1716 1723 1718 1722 1722 1728 1726 1724 1739 1728 1724 1735 1734 1722 1717

Tree=0
num_leaves=15
num_cat=0
split_feature=1 1 0 0 8 4 4 4 12 3 14 7 2 7
split_gain=134.31 61.8915 55.3426 26.3382 11.9122 11.1146 10.6539 9.38332 9.36566 9.83018 8.92349 8.8156 7.92061 7.63741
threshold=4.955000000000001 3.3050000000000002 4.5000000000000009 4.5000000000000009 57.725000000000001 16.930000000000003 43.680000000000007 35.635000000000012 6.8850000000000007 8.115000000000002 2.5000000000000004 2.5000000000000004 6.3850000000000007 2.5000000000000004
decision_type=2 2 2 2 2 2 2 2 2 2 2 2 2 2
left_child=1 -1 5 6 8 -2 -3 -6 9 -4 -8 12 -11 -7
right_child=2 3 4 -5 7 13 10 -9 -10 11 -12 -13 -14 -15
leaf_value=-1.1521288361308422 -1.0056868697838632 -1.1015432037962363 -1.0202356089617408 -1.1258672593145302 -1.0836531899935149 -1.0859871859340713 -1.0869173301936799 -0.98790507745534617 -1.1175918335355082 -1.1260559255461327 -1.0015833792465132 -1.0922068648670771 -1.0514114786286215 -1.067524112530789
leaf_weight=106.66341184079647 6.5610183030366889 229.82309827208519 4.1240686476230612 146.7793523222208 7.3108489662408811 70.858997672796249 8.2481372952461225 3.9366109818220139 74.795608654618263 36.554244831204414 4.8738993108272544 135.34443470835686 3.936610981822013 267.31463143229485
leaf_count=569 35 1226 22 783 39 378 44 21 399 195 26 722 21 1426
internal_value=-1.09906 -1.11838 -1.08336 -1.10914 -1.1005 -1.07014 -1.09904 -1.05014 -1.10272 -1.09654 -1.05522 -1.09833 -1.1188 -1.07139
internal_weight=1107.12 496.388 610.737 389.724 266.002 344.735 242.945 11.2475 254.755 179.959 13.122 175.835 40.4909 338.174
internal_count=5906 2648 3258 2079 1419 1839 1296 60 1359 960 70 938 216 1804
is_linear=0
shrinkage=1


Tree=1
num_leaves=15
num_cat=0
split_feature=1 0 7 1 12 8 9 3 1 12 4 1 12 5
split_gain=123.093 65.1978 41.0725 29.5231 11.4622 8.88333 8.73866 8.45691 7.81491 8.75334 7.75649 7.07913 7.07565 7.05946
threshold=3.3850000000000002 4.5000000000000009 2.5000000000000004 5.3350000000000009 6.8150000000000004 57.725000000000001 19.395000000000007 8.115000000000002 5.4250000000000007 6.7350000000000012 35.635000000000012 5.535000000000001 6.8850000000000007 0.13500000000000004
decision_type=2 2 2 2 2 2 2 2 2 2 2 2 2 2
left_child=6 2 11 12 8 7 -1 -5 9 -4 -7 -2 -3 -6
right_child=1 3 4 5 13 10 -8 -9 -10 -11 -12 -13 -14 -15
leaf_value=-0.05183308385105434 0.00094637698773432876 -0.01872051976580175 0.12564085586393584 0.059096513286601329 0.046198083997322219 0.014525431762637299 0.0020226936146799956 -0.001478671612511953 0.038020529712911921 0.03804935841914784 0.099980813449929859 0.032896472976939664 -0.041122724306303191 0.01837605876879396
leaf_weight=110.44161400198936 269.74840874969959 134.5439632833004 5.7054334878921491 5.9291589558124533 26.459167897701263 7.3670893013477308 8.083471551537512 204.19858400523663 93.58444057404995 5.7036256641149521 4.151872918009758 18.52787072956562 47.758869558572769 164.86245131492615
leaf_count=604 1437 726 30 31 139 39 44 1091 491 30 21 98 258 867
internal_value=-1.05359e-05 0.00576255 0.0164365 -0.00968472 0.0295087 0.00257422 -0.0481601 0.000230574 0.0427835 0.081852 0.0453268 0.00299985 -0.0245893 0.0222238
internal_weight=1107.07 988.541 584.591 403.95 296.315 221.647 118.525 210.128 104.993 11.4091 11.519 288.276 182.303 191.322
internal_count=5906 5258 3092 2166 1557 1182 648 1122 551 60 60 1535 984 1006
is_linear=0
shrinkage=0.05


Tree=2
num_leaves=15
num_cat=0
split_feature=1 0 7 1 5 12 3 1 12 3 12 1 15 1
split_gain=114.423 58.7948 37.7223 27.8876 10.4206 8.06994 8.63681 9.80021 7.73797 7.4831 7.31199 6.4772 6.32166 10.0624
threshold=3.3050000000000002 4.5000000000000009 2.5000000000000004 5.3350000000000009 0.18500000000000003 6.8850000000000007 8.115000000000002 6.4750000000000005 6.8150000000000004 19.905000000000005 6.8850000000000007 5.535000000000001 1.0000000180025095e-35 6.035000000000001
decision_type=2 2 2 2 2 2 2 2 2 2 2 2 2 2
left_child=-1 2 11 10 8 6 -5 -8 9 -4 -3 -2 13 -10
right_child=1 3 4 5 -6 -7 7 -9 12 -11 -12 -13 -14 -15
leaf_value=-0.050709219603707001 0.00043162331223299061 -0.017960734343952327 -0.018374205290301107 0.081254623213204494 -0.0067888712821244472 -0.012167899347236263 -0.0026924653277055396 0.023863108423260296 0.0082123322006852888 0.04406542761517044 -0.040602567870526851 0.030741497900195688 0.021463185043907304 0.10879640709344598
leaf_weight=101.15522737801075 276.29303766787052 138.51171289384365 5.0474418997764579 3.9924358427524558 20.64230053126812 66.301366522908211 97.689106464385986 53.918665662407875 4.6182299405336362 97.270711779594421 48.019434288144112 18.827313780784607 169.05834086239338 5.3866548091173172
leaf_count=569 1472 755 26 20 108 356 521 285 24 500 265 98 879 28
internal_value=-1.96564e-05 0.00507942 0.0150783 -0.00953936 0.0275008 0.00243936 0.00866353 0.00675191 0.0300163 0.0409852 -0.0237895 0.00236525 0.0237486 0.062367
internal_weight=1106.73 1005.58 597.144 408.433 302.024 221.902 155.6 151.608 281.381 102.318 186.531 295.12 179.063 10.0049
internal_count=5906 5337 3135 2202 1565 1182 826 806 1457 526 1020 1570 931 52
is_linear=0
shrinkage=0.05


Tree=3
num_leaves=15
num_cat=0
split_feature=1 0 1 1 4 4 8 14 12 3 12 12 4 15
split_gain=105.998 52.8 33.7235 25.5881 9.11239 8.99239 7.51059 7.33242 6.92725 8.59932 6.90704 6.80644 6.51607 6.33542
threshold=3.3050000000000002 4.5000000000000009 4.955000000000001 5.3350000000000009 43.680000000000007 16.930000000000003 57.725000000000001 2.5000000000000004 6.8850000000000007 11.920000000000003 6.8850000000000007 6.8150000000000004 35.635000000000012 2.5000000000000004
decision_type=2 2 2 2 2 2 2 2 2 2 2 2 2 2
left_child=-1 2 4 10 -2 -4 8 11 9 -5 -3 -6 -8 -11
right_child=1 3 5 6 7 -7 12 -9 -10 13 -12 -13 -14 -15
leaf_value=-0.049562720984658373 -0.0024909359821594138 -0.017226733080990771 0.079953290927927204 0.074092816410297732 -0.032452154975784957 0.022854951865746851 0.012734403543660625 0.086722361389517111 -0.01375280726663549 0.0097818607109248154 -0.039436624286854668 0.057946864778843803 0.089625649793364057 -0.01499013803746756
leaf_weight=98.391064316034317 229.8387798666954 137.22626139223576 7.0337047427892676 4.5030626505613318 4.3480932563543302 351.03643791377544 7.4812742471694929 5.1472007036209098 62.95863202214241 109.01512476801872 46.993553042411804 3.9957829564809799 4.3617185354232788 33.816736355423927
leaf_count=569 1226 755 35 22 23 1804 39 26 341 579 265 21 21 180
internal_value=-2.7785e-05 0.0048085 0.0142161 -0.00911465 -0.000146707 0.0239766 0.00231133 0.0397904 0.000129533 0.00606168 -0.0228924 0.0108389 0.0410531 0.00391687
internal_weight=1106.15 1007.76 601.4 406.356 243.33 358.07 222.137 13.4911 210.294 147.335 184.22 8.34388 11.843 142.832
internal_count=5906 5337 3135 2202 1296 1839 1182 70 1122 781 1020 44 60 759
is_linear=0
shrinkage=0.05


Tree=4
num_leaves=15
num_cat=0
split_feature=1 0 7 1 5 12 8 4 5 17 9 8 1 9
split_gain=98.2279 47.4465 30.4268 23.5085 8.85398 7.05237 6.52078 13.7884 10.0933 11.0099 11.2482 7.21741 13.383 7.80095
threshold=3.3050000000000002 4.5000000000000009 2.5000000000000004 5.4750000000000005 0.18500000000000003 6.8850000000000007 39.365000000000002 23.125000000000004 0.15500000000000003 0.040000000000000008 36.940000000000005 42.405000000000008 5.9350000000000014 20.820000000000004
decision_type=2 2 2 2 2 2 2 2 2 2 2 2 2 2
left_child=-1 2 -2 -3 6 -5 8 -8 9 -4 -11 -9 -13 -14
right_child=1 3 4 5 -6 -7 7 11 -10 10 -12 12 13 -15
leaf_value=-0.048453738087476016 0.0019601397579463542 -0.020821568187722808 0.09023418171068065 0.0093258781219384759 -0.0071825242034056257 -0.011097707128236642 0.079487702756711159 -0.00091798140704277102 0.024590612575024616 0.0028099826086481396 0.078108132463062682 0.1119037076940612 -0.016850737690083405 0.024490303721498879
leaf_weight=95.680132061243057 296.21980214118958 201.22086198627949 15.419919863343237 143.08085554838181 20.723993793129921 59.989713788032532 9.7173842638730985 38.381193429231644 57.970102980732918 11.879792019724848 8.5143981873989087 4.1539437621831885 12.510283827781675 129.86576956510544
leaf_count=569 1570 1123 78 753 108 326 48 194 294 60 43 21 63 656
internal_value=-3.47321e-05 0.00455374 0.0134116 -0.00870938 0.0243846 0.00329248 0.0266528 0.021434 0.0374834 0.0583521 0.0342463 0.0183832 0.0234388 0.0208578
internal_weight=1105.33 1009.65 605.357 404.291 309.137 203.071 288.413 194.629 93.7842 35.8141 20.3942 184.911 146.53 142.376
internal_count=5906 5337 3135 2202 1565 1079 1457 982 475 181 103 934 740 719
is_linear=0
shrinkage=0.05


Tree=5
num_leaves=15
num_cat=0
split_feature=1 0 1 8 10 4 9 4 4 4 8 5 8 5
split_gain=91.0505 42.6332 27.3262 21.726 8.35218 7.92625 7.2876 7.06763 6.59924 6.22185 12.8826 8.70867 7.24737 8.50787
threshold=3.3050000000000002 4.5000000000000009 4.955000000000001 33.795000000000009 1.0000000180025095e-35 43.680000000000007 23.865000000000006 16.930000000000003 47.915000000000006 26.735000000000003 43.050000000000004 0.15500000000000003 39.365000000000002 0.17500000000000002
decision_type=2 2 2 2 2 2 2 2 2 2 2 2 2 2
left_child=-1 2 5 -3 -5 -2 -6 -4 -7 10 -9 -12 13 -11
right_child=1 3 7 4 6 8 -8 9 -10 12 11 -13 -14 -15
leaf_value=-0.047378024524562794 -0.0025195893136541686 -0.020966638433431467 0.069626871852928318 0.0076229397698882517 0.033482331599654594 0.065123642451855673 -0.023335122774681943 -0.013814889958048677 -0.00532067093772246 0.039776890640340984 0.079011752471889851 0.0020586252783904055 0.016728689777539652 0.0088771812726587598
leaf_weight=93.02773454785347 229.89806172251701 184.11660799384117 7.4139489680528632 169.16901470720768 6.5060176849365225 8.1864432990550977 42.578497141599655 33.065084934234619 5.5980743765830985 92.936004653573036 7.7254118621349317 7.0149941593408585 187.88666611909866 29.299984663724899
leaf_count=569 1226 1040 35 900 35 41 227 169 29 468 38 35 943 151
internal_value=-4.13691e-05 0.00431264 0.0126567 -0.00831692 0.00235427 -0.000311484 -0.0158041 0.0213065 0.0365153 0.0203056 0.00351527 0.0423896 0.0228939 0.0323702
internal_weight=1104.42 1011.39 609.025 402.37 218.254 243.683 49.0845 365.342 13.7845 357.928 47.8055 14.7404 310.123 122.236
internal_count=5906 5337 3135 2202 1162 1296 262 1839 70 1804 242 73 1562 619
is_linear=0
shrinkage=0.05


Tree=6
num_leaves=15
num_cat=0
split_feature=1 1 0 0 12 4 4 1 12 12 3 15 4 0
split_gain=84.4177 38.6067 23.1539 19.6565 6.67566 6.59936 11.8853 6.55196 6.26942 6.0582 7.07329 6.37288 6.6599 5.89684
threshold=3.3050000000000002 5.3350000000000009 4.5000000000000009 4.5000000000000009 6.8850000000000007 50.235000000000007 45.670000000000009 7.4350000000000014 6.8150000000000004 6.8850000000000007 8.115000000000002 2.5000000000000004 41.545000000000009 5.5000000000000009
decision_type=2 2 2 2 2 2 2 2 2 2 2 2 2 2
left_child=-1 2 -2 5 -4 6 8 9 -3 10 -5 12 13 -12
right_child=1 3 4 7 -6 -7 -8 -9 -10 -11 11 -13 -14 -15
leaf_value=-0.046331828586961776 0.0022258201178138744 0.03094761648784124 -0.014840869755739615 0.068949171813973462 -0.037126352703180147 0.083498590256934485 -0.058696972762927971 0.037601414139725862 0.01612076456474228 -0.013398575065822933 0.026268031266157649 -0.015388359793849338 -0.025832852033957639 0.0019228674163167367
leaf_weight=90.438163712620735 304.8405227959156 117.60894663631916 133.0809056609869 4.2522832602262488 44.955515906214714 4.2455754876136771 4.6383952796459189 12.267543971538542 181.05643472075462 60.143316745758057 47.594623625278473 34.107400149106979 12.03351081907749 52.102593839168549
leaf_count=569 1607 580 755 20 265 21 23 63 904 330 250 182 63 274
internal_value=-4.68306e-05 0.00408568 -0.00614142 0.0134026 -0.0204681 0.0215924 0.0207258 0.00208233 0.0219593 9.71898e-06 0.00538261 0.00352916 0.00930401 0.013545
internal_weight=1103.37 1012.93 482.877 530.051 178.036 307.549 303.304 222.501 298.665 210.234 150.09 145.838 111.731 99.6972
internal_count=5906 5337 2627 2710 1020 1528 1507 1182 1484 1119 789 769 587 524
is_linear=0
shrinkage=0.05


Tree=7
num_leaves=15
num_cat=0
split_feature=1 1 0 18 8 1 12 4 12 4 7 10 4 5
split_gain=78.2817 34.6645 21.1957 18.1366 11.1728 7.06739 6.93758 6.49213 6.29272 6.07147 5.75843 12.6499 7.09872 6.00096
threshold=3.3050000000000002 5.3350000000000009 4.5000000000000009 0.040000000000000008 64.355000000000018 7.4800000000000013 6.8850000000000007 50.235000000000007 6.8850000000000007 17.520000000000003 2.5000000000000004 1.0000000180025095e-35 26.255000000000006 0.17500000000000002
decision_type=2 2 2 2 2 2 2 2 2 2 2 2 2 2
left_child=-1 2 10 4 6 9 7 -3 -4 -5 -2 12 -12 -14
right_child=1 3 8 5 -6 -7 -8 -9 -10 -11 11 -13 13 -15
leaf_value=-0.045311846883339127 -0.00067422290085442755 0.0080505310104964783 -0.014216466040292669 0.076313424436470045 0.087689771980382511 -0.020691135566382329 -0.0067498191288462477 0.066950223356682811 -0.036048584926045478 0.025264007959927687 -0.048894395287257218 0.066629864690429488 0.031799838421524243 -0.016980832149699237
leaf_weight=87.914800807833672 262.04453653097153 236.92456956207752 132.00768265128136 6.0210057049989691 4.1069007515907279 8.1345213502645475 94.738572046160698 4.7726821154355994 44.008966609835625 178.38586232066154 5.3714898973703376 10.549077689647673 17.281655147671703 9.9258795231580716
leaf_count=569 1390 1213 755 28 20 40 505 24 265 880 28 51 86 52
internal_value=-5.14173e-05 0.00387165 -0.0058575 0.0126537 0.00571901 0.0249189 0.00471838 0.0092136 -0.0196751 0.0269308 0.00211217 0.0190422 0.00363327 0.0140036
internal_weight=1102.19 1014.27 481.189 533.084 340.543 192.541 336.436 241.697 176.017 184.407 305.173 43.1281 32.579 27.2075
internal_count=5906 5337 2627 2710 1762 948 1742 1237 1020 908 1607 217 166 138
is_linear=0
shrinkage=0.05


Tree=8
num_leaves=15
num_cat=0
split_feature=1 0 7 8 10 12 9 5 15 1 1 12 0 3
split_gain=72.5998 31.6334 20.3996 16.7318 7.31084 6.91631 6.64792 6.14177 5.90045 10.1064 5.77585 6.90025 5.74315 13.0942
threshold=3.3050000000000002 4.5000000000000009 2.5000000000000004 33.795000000000009 1.0000000180025095e-35 6.8150000000000004 23.865000000000006 0.13500000000000004 1.0000000180025095e-35 6.0750000000000011 5.4150000000000009 6.7350000000000012 1.5000000000000002 31.800000000000004
decision_type=2 2 2 2 2 2 2 2 2 2 2 2 2 2
left_child=-1 2 12 -3 -5 10 -6 -7 9 -9 11 -4 13 -2
right_child=1 3 5 4 6 7 -8 8 -10 -11 -12 -13 -14 -15
leaf_value=-0.044315183118808825 0.047361528388991742 -0.018711742899147836 0.099665238316912333 0.0068027691900278096 0.031470711564394738 0.03541308869766556 -0.022489550727350319 0.00079132643359136666 0.0081942446890112177 0.098218229160418183 0.025443668514524582 0.024809695410094285 -0.0013817809756141507 -0.010318869269712689
leaf_weight=85.46024315059185 20.093296334147453 178.27474232017994 6.0668867379426938 170.3292780816555 6.6037982255220404 28.811000645160675 42.074831396341324 5.6705790013074857 165.83399558067322 5.0167104750871658 102.58422590792179 6.2503539025783539 258.55020415782928 19.280464887619019
leaf_count=569 106 1040 28 900 35 140 227 28 822 24 493 30 1363 101
internal_value=-5.54555e-05 0.00366948 0.0107443 -0.0073387 0.00191908 0.0195052 -0.0151692 0.0140085 0.0105149 0.0465244 0.0293281 0.06168 0.00132731 0.0191167
internal_weight=1100.9 1015.44 618.158 397.283 219.008 320.234 48.6786 205.332 176.521 10.6873 114.901 12.3172 297.924 39.3738
internal_count=5906 5337 3135 2202 1162 1565 262 1014 874 52 551 58 1570 207
is_linear=0
shrinkage=0.05


Tree=9
num_leaves=15
num_cat=0
split_feature=1 1 0 18 8 9 12 12 8 14 14 2 2 0
split_gain=67.3346 28.6089 17.6524 14.99 9.55917 6.42814 6.16787 6.01571 6.12823 5.79933 7.99009 6.6202 9.62096 5.18076
threshold=3.3050000000000002 5.3350000000000009 4.5000000000000009 0.040000000000000008 64.355000000000018 64.835000000000008 6.9150000000000009 6.8450000000000006 33.795000000000009 4.5000000000000009 3.5000000000000004 5.245000000000001 6.3750000000000009 5.5000000000000009
decision_type=2 2 2 2 2 2 2 2 2 2 2 2 2 2
left_child=-1 2 -2 4 6 9 13 8 -4 10 -5 -12 -13 -3
right_child=1 3 7 5 -6 -7 -8 -9 -10 -11 11 12 -14 -15
leaf_value=-0.043339289386033826 0.0017899976128413827 0.01247986095071967 -0.014085773550226383 0.023752563618281593 0.079389717558593351 -0.025565763224903733 -0.0094554870116133963 -0.030536232531074473 0.036298646848196926 0.0010548177241587527 0.11327896803684666 0.0018992231234077478 0.090285416053323048 -0.0020859363899040947
leaf_weight=83.076382592320442 305.9300377368927 178.21623831987381 103.01766102015972 148.56838858127594 4.2729922086000434 6.7402315884828559 66.960751041769981 62.923866465687752 6.4106226414442053 23.811237320303917 4.3447746485471752 6.8561140298843366 5.5884491801261902 92.853752717375755
leaf_count=569 1607 896 601 718 20 33 357 383 36 116 21 33 27 489
internal_value=-5.88992e-05 0.00347833 -0.00541988 0.0113857 0.00507302 0.0224156 0.00413359 -0.0182176 -0.0111341 0.0241252 0.0274473 0.0601422 0.0415906 0.00749042
internal_weight=1099.57 1016.5 478.282 538.213 342.304 195.909 338.031 172.352 109.428 189.169 165.358 16.7893 12.4446 271.07
internal_count=5906 5337 2627 2710 1762 948 1742 1020 637 915 799 81 60 1385
is_linear=0
shrinkage=0.05


Tree=10
num_leaves=15
num_cat=0
split_feature=1 0 1 1 4 14 12 12 4 0 4 4 3 4
split_gain=62.4524 25.8423 16.9642 14.1709 6.71288 5.83303 5.69709 5.56076 5.38841 5.27106 11.7922 5.79165 5.38643 6.76678
threshold=3.3050000000000002 4.5000000000000009 4.955000000000001 5.4750000000000005 43.680000000000007 2.5000000000000004 7.0450000000000008 6.8150000000000004 16.930000000000003 2.5000000000000004 39.735000000000007 37.530000000000008 33.530000000000008 26.445000000000004
decision_type=2 2 2 2 2 2 2 2 2 2 2 2 2 2
left_child=-1 2 4 -3 9 7 8 -6 -4 10 11 -2 13 -11
right_child=1 3 6 -5 5 -7 -8 -9 -10 12 -12 -13 -14 -15
leaf_value=-0.042381929200696951 0.0056832241997236063 -0.016575588320371471 0.057973318508930671 0.0024014406926041267 -0.032605014026707291 0.073009712296529986 -0.037902105945322256 0.047794360029346984 0.016073057095027283 -0.045398026682461928 0.07403002634644569 -0.040190952990052951 0.0040155367317593607 -0.0097532628208330044
leaf_weight=80.764530971646309 80.710676744580269 189.51117521524429 7.8371706604957572 204.56076538562775 4.3532865643501264 5.5085204541683188 4.7943091690540305 4.2505207508802414 366.35804603993893 16.481475681066513 6.032436177134513 7.5214499384164801 50.227777794003487 69.295732051134109
leaf_count=569 429 1123 35 1079 23 26 24 21 1780 88 32 40 268 369
internal_value=-6.18026e-05 0.00329756 0.00963327 -0.00672471 -0.000638439 0.0328356 0.0162567 0.00711452 0.0169506 -0.00268994 0.00639672 0.00177263 -0.00898787 -0.0166021
internal_weight=1098.21 1017.44 623.371 394.072 244.382 14.1123 378.99 8.60381 374.195 230.27 94.2646 88.2321 136.005 85.7772
internal_count=5906 5337 3135 2202 1296 70 1839 44 1815 1226 501 469 725 457
is_linear=0
shrinkage=0.05


Tree=11
num_leaves=15
num_cat=0
split_feature=8 1 0 18 8 1 1 12 1 12 4 1 8 4
split_gain=58.0117 26.2659 17.2969 12.3434 8.34124 6.09693 5.58115 5.80644 7.94041 5.51718 5.26318 6.95863 5.05074 4.7492
threshold=6.745000000000001 5.3350000000000009 4.5000000000000009 0.040000000000000008 64.355000000000018 7.4800000000000013 4.3450000000000006 6.8450000000000006 4.3950000000000005 6.9350000000000014 29.380000000000006 4.6550000000000011 33.795000000000009 17.520000000000003
decision_type=2 2 2 2 2 2 2 2 2 2 2 2 2 2
left_child=-1 2 -2 4 9 13 -4 8 -8 -3 11 -9 -10 -5
right_child=1 3 6 5 -6 -7 7 10 12 -11 -12 -13 -14 -15
leaf_value=-0.049321164406617518 0.0012793614560104502 0.0062010724370617004 -0.02888079516239769 0.064477430403301519 0.072856378259313334 -0.021971540579384014 0.059307281593463303 0.059143165796547541 -0.01166421283245437 -0.012033830939681137 -0.037563975973524483 -0.028405389444403708 0.034938257125897189 0.020491637927251893
leaf_weight=56.685734912753105 319.31523506343365 291.09409499168396 72.279217064380646 6.3479816913604727 4.4043494015932074 8.2405360788106901 4.8806694000959387 3.6954272389411909 56.699065029621124 48.374538347125053 28.009637013077736 5.8828793168067932 6.4783330410718909 184.39216992259026
leaf_count=411 1700 1483 449 28 20 40 29 23 336 259 175 37 36 880
internal_value=-6.4211e-05 0.00262032 -0.00568178 0.0102248 0.00448959 0.0201363 -0.0181747 -0.0108499 -0.0021386 0.00360258 -0.0266229 0.00537191 -0.00688551 0.0219555
internal_weight=1096.78 1040.09 497.24 542.854 343.873 198.981 177.925 105.646 68.0581 339.469 37.5879 9.57831 63.1774 190.74
internal_count=5906 5495 2785 2710 1762 948 1085 636 401 1742 235 60 372 908
is_linear=0
shrinkage=0.05


Tree=12
num_leaves=15
num_cat=0
split_feature=8 7 0 0 5 7 8 2 3 4 3 9 12 8
split_gain=54.1239 23.8933 13.8914 13.437 7.76842 7.84255 12.3782 9.01206 7.36523 13.0095 8.80117 8.1027 9.90418 8.05181
threshold=6.745000000000001 2.5000000000000004 5.5000000000000009 4.5000000000000009 0.18500000000000003 3.5000000000000004 57.725000000000001 7.2550000000000008 38.135000000000012 27.890000000000004 40.250000000000007 34.20000000000001 6.7950000000000008 31.195000000000004
decision_type=2 2 2 2 2 2 2 2 2 2 2 2 2 2
left_child=-1 3 4 -2 5 6 7 8 11 -10 -11 13 -13 -3
right_child=1 2 -4 -5 -6 -7 -8 -9 9 10 -12 12 -14 -15
leaf_value=-0.0484857375154083 0.00052508515942101979 0.037425697313061494 -0.0055864659559139787 -0.016913441901831354 -0.011915516768603654 0.0078957904519384205 0.10681809551554673 -0.027576718824553981 0.078767011169433826 0.05584739136690639 0.0021630478080715905 0.051961531659862219 0.016318251927418186 -0.005743156718896799
leaf_weight=54.826713666319847 311.27249605953693 13.726539030671118 119.4496646374464 171.23012021183968 27.835365891456604 189.0124284029007 4.1960721462965003 9.4734369814395887 14.653862997889517 12.137195408344267 20.579659074544907 27.138539761304855 69.149620577692986 50.693677842617035
leaf_count=411 1656 72 643 1041 147 922 20 47 71 58 101 131 339 247
internal_value=-6.64889e-05 0.00248473 0.00952991 -0.00566348 0.0136468 0.015379 0.0217575 0.0201169 0.0222883 0.0396149 0.0220787 0.0171811 0.0263642 0.00345518
internal_weight=1095.38 1040.55 558.046 482.503 438.596 410.761 221.749 217.553 208.079 47.3707 32.7169 160.708 96.2882 64.4202
internal_count=5906 5495 2798 2697 2155 2008 1086 1066 1019 230 159 789 470 319
is_linear=0
shrinkage=0.05


Tree=13
num_leaves=15
num_cat=0
split_feature=1 0 1 1 12 1 1 4 3 1 8 5 3 9
split_gain=50.5107 19.7265 13.2253 10.8943 8.44982 7.6308 6.59382 5.86106 5.74661 5.63421 5.91153 5.4886 6.90238 5.76612
threshold=3.3050000000000002 4.5000000000000009 4.955000000000001 4.3450000000000006 6.8850000000000007 6.4750000000000005 4.3950000000000005 43.680000000000007 24.930000000000003 6.3350000000000009 45.725000000000009 0.16500000000000004 28.425000000000004 28.415000000000003
decision_type=2 2 2 2 2 2 2 2 2 2 2 2 2 2
left_child=-1 2 7 -3 5 6 -5 -2 -7 10 -8 12 13 -6
right_child=1 3 -4 4 11 8 9 -9 -10 -11 -12 -13 -14 -15
leaf_value=-0.039777082941819322 -0.002706990183252041 -0.025286298139588187 0.014093253917644398 0.050617657923899051 0.081122276143195018 0.059913113863195644 -0.004301420321474631 0.030257864111654431 0.012404729563535326 -0.041461583531079517 0.037242353815741001 -0.03207287720358426 -0.015720825733516061 0.0059167022747525317
leaf_weight=74.624218627810478 230.27002827823162 61.630468547344208 384.73423556983471 5.6649512201547614 3.4357721507549277 7.2960625588893881 157.28311960399151 14.32252551615238 49.889516428112984 9.5858390480279905 9.0560784339904767 31.991511449217796 44.388742610812187 9.871939688920973
leaf_count=569 1226 384 1839 33 20 36 877 70 253 50 47 195 251 56
internal_value=-6.88143e-05 0.00283793 0.00831394 -0.00599635 -0.00237693 0.00253806 -0.00247794 -0.000776678 0.0184661 -0.00418767 -0.00203963 -0.0154621 -0.0062517 0.0253332
internal_weight=1094.05 1019.42 629.327 390.094 328.464 238.776 181.59 244.593 57.1856 175.925 166.339 89.688 57.6965 13.3077
internal_count=5906 5337 3135 2202 1818 1296 1007 1296 289 974 924 522 327 76
is_linear=0
shrinkage=0.05


Tree=14
num_leaves=15
num_cat=0
split_feature=8 1 0 18 1 1 1 5 1 2 3 1 4 0
split_gain=47.6848 20.0443 13.6407 9.74759 7.52541 5.51962 8.29036 6.30795 8.72306 7.44758 7.65084 8.108 7.82258 6.59275
threshold=6.745000000000001 5.3350000000000009 4.5000000000000009 0.040000000000000008 7.6750000000000016 6.7650000000000006 6.8850000000000007 0.16500000000000004 6.2250000000000005 4.495000000000001 39.415000000000006 6.0050000000000008 31.730000000000004 3.5000000000000004
decision_type=2 2 2 2 2 2 2 2 2 2 2 2 2 2
left_child=-1 2 -2 4 -3 7 -7 9 13 -5 11 -11 -12 -9
right_child=1 3 -4 5 -6 6 -8 8 -10 10 12 -13 -14 -15
leaf_value=-0.04700097130942002 0.0010566349183281172 0.0025225266841125281 -0.016370826764945792 -0.0073491925579051908 0.048736060318886387 -0.046075136349248348 0.011733596599170039 0.040628847345281771 -0.028321163666063923 0.020880509615248528 0.043171171918352708 0.054603362326427853 -0.027981606075195304 0.001871220792847338
leaf_weight=51.571432277560234 319.75019393861294 336.72544665634632 173.04879866540432 12.20388352870941 9.0457489192485792 7.5008498430252066 35.814006716012955 19.579160630702972 12.525503084063528 29.862153992056847 6.7813931852579108 44.214670643210411 8.9754547178745252 24.959424868226051
leaf_count=411 1700 1719 1085 57 43 35 169 93 59 139 31 205 42 118
internal_value=-7.04265e-05 0.00225456 -0.0050631 0.00883284 0.00373152 0.017547 0.00172284 0.0218551 0.00854209 0.0293003 0.0342791 0.0410089 0.00264095 0.0189091
internal_weight=1092.56 1040.99 492.799 548.188 345.771 202.417 43.3149 159.102 57.0641 102.038 89.8337 74.0768 15.7568 44.5386
internal_count=5906 5495 2785 2710 1762 948 204 744 270 474 417 344 73 211
is_linear=0
shrinkage=0.05


Tree=15
num_leaves=15
num_cat=0
split_feature=8 7 0 0 5 5 3 8 1 12 7 8 3 3
split_gain=44.5016 18.3631 11.1317 11.0954 8.54531 6.53911 7.36661 6.38991 6.7187 6.36357 6.12226 10.5443 8.28639 7.28846
threshold=6.745000000000001 2.5000000000000004 2.5000000000000004 5.5000000000000009 0.15500000000000003 0.18500000000000003 52.975000000000001 35.125000000000007 5.9750000000000005 6.8150000000000004 3.5000000000000004 57.725000000000001 48.795000000000009 38.135000000000012
decision_type=2 2 2 2 2 2 2 2 2 2 2 2 2 2
left_child=-1 2 4 5 9 6 10 -7 -9 -2 11 12 13 -3
right_child=1 3 -4 -5 -6 7 -8 8 -10 -11 -12 -13 -14 -15
leaf_value=-0.04620910505014153 -0.052254852912371058 0.013507392438253033 -0.0096422469193308425 -0.0052987163174124099 0.012691172232615833 -0.033166186569063609 0.068144968540946649 0.064082920300992025 -0.012636993085055982 0.010269525876542535 0.0060331380996376041 0.094809575810261879 -0.049224322328571359 0.036538042633930783
leaf_weight=49.875675112009048 9.5931841582059878 169.24733002483845 351.6849195510149 118.9895161986351 110.08726964890957 15.352079957723619 6.0687468200922003 4.4733324795961362 7.8817932903766632 7.0676802843809119 188.67750404775143 4.4124413877725592 4.6593989282846442 43.101382687687874
leaf_count=411 50 821 2026 643 584 86 29 22 39 37 910 20 23 205
internal_value=-7.15989e-05 0.00213828 -0.00506362 0.00825989 0.00764057 0.0118945 0.0134604 -0.0116254 0.0151404 -0.0257315 0.0126512 0.0182906 0.0167347 0.018182
internal_weight=1091.17 1041.3 478.433 562.864 126.748 443.874 416.167 27.7072 12.3551 16.6609 410.098 221.421 217.008 212.349
internal_count=5906 5495 2697 2798 671 2155 2008 147 61 87 1979 1069 1049 1026
is_linear=0
shrinkage=0.05


Tree=16
num_leaves=15
num_cat=0
split_feature=8 0 1 1 12 1 1 8 4 2 8 1 8 2
split_gain=41.5314 17.1331 12.4581 10.6211 7.73343 6.18415 6.1081 5.56599 8.46969 5.5228 7.22166 8.67869 7.05916 6.23157
threshold=6.745000000000001 4.5000000000000009 4.3450000000000006 4.955000000000001 6.8850000000000007 6.4750000000000005 4.3950000000000005 10.430000000000001 32.635000000000012 2.6350000000000002 17.305000000000003 4.0750000000000011 19.745000000000001 5.245000000000001
decision_type=2 2 2 2 2 2 2 2 2 2 2 2 2 2
left_child=-1 3 -3 7 5 6 -4 8 -2 12 13 -12 -9 -11
right_child=1 2 4 -5 -6 -7 -8 9 -10 10 11 -13 -14 -15
leaf_value=-0.045428703081201456 0.083431048483607051 -0.025629537247740815 0.048753505633559811 0.012245321093669343 -0.014727737387921786 0.016789682582214863 -0.0036603763544105477 -0.043880485930858006 0.0036885751865965489 0.0097299962627301548 -0.031568194605838276 6.7437885966021939e-05 0.0068383862800681927 0.060706942624278476
leaf_weight=48.237630620598793 4.7880108058452597 68.102289795875549 5.7410428822040549 389.59426943957806 88.689198344945908 57.871555596590042 174.76303781569004 16.990505024790767 10.934170827269552 38.707367360591888 25.610721439123154 141.21854873001575 11.506652191281317 7.0936772078275672
leaf_count=411 31 449 33 1839 522 289 974 101 65 209 137 746 61 39
internal_value=-7.26818e-05 0.00202778 -0.00617404 0.00704151 -0.00212297 0.00256672 -0.00199332 -0.000851732 0.0279732 -0.0027312 3.90219e-05 -0.00478909 -0.0234011 0.0176253
internal_weight=1089.85 1041.61 395.167 646.444 327.065 238.376 180.504 256.85 15.7222 241.127 212.63 166.829 28.4972 45.801
internal_count=5906 5495 2267 3228 1818 1296 1007 1389 96 1293 1131 883 162 248
is_linear=0
shrinkage=0.05


Tree=17
num_leaves=15
num_cat=0
split_feature=8 0 7 1 0 3 3 3 8 1 2 4 8 3
split_gain=38.7579 15.6561 13.3064 8.5095 6.49703 11.1825 14.3992 9.54297 9.28404 8.82335 8.11577 9.47696 7.15229 6.31126
threshold=6.745000000000001 5.5000000000000009 2.5000000000000004 4.3550000000000013 1.5000000000000002 31.800000000000004 30.515000000000004 33.120000000000012 9.1750000000000025 3.4850000000000008 4.2750000000000012 29.650000000000002 14.445000000000002 28.765000000000004
decision_type=2 2 2 2 2 2 2 2 2 2 2 2 2 2
left_child=-1 2 4 -3 5 6 -2 13 -9 -10 -7 -12 -11 -6
right_child=1 3 -4 -5 7 10 -8 8 9 12 11 -13 -14 -15
leaf_value=-0.044658036092863812 0.022031945438918683 -0.032959920596444335 0.010812608868968121 -0.0058894729793586668 -0.0037853716776682731 -0.04847968429925581 0.12584948446539571 0.070910010266576146 -0.045213133676154399 0.057587650057627664 0.07764976338072134 -0.016324781414989477 0.0036441876205625858 -0.021872062403617457
leaf_weight=46.65689292550087 17.791952848434452 35.278739705681801 447.08958737552166 163.90861327946186 117.47315381467342 8.1795920133590716 4.1117940843105307 5.217798873782157 8.9015378355979902 6.4408186823129645 4.108273118734358 7.7319492697715759 133.69899445772171 81.830354884266853
leaf_count=411 93 237 2155 919 656 44 21 33 59 35 21 40 726 456
internal_value=-7.40856e-05 0.00192267 0.00490293 -0.010684 -0.00177785 0.016833 0.0415207 -0.00398462 0.00535244 0.00305734 -0.0101779 0.0162821 0.00612343 -0.0112114
internal_weight=1088.42 1041.76 842.576 199.187 395.486 41.9236 21.9037 353.563 154.259 149.041 20.0198 11.8402 140.14 199.304
internal_count=5906 5495 4339 1156 2184 219 114 1965 853 820 105 61 761 1112
is_linear=0
shrinkage=0.05


Tree=18
num_leaves=15
num_cat=0
split_feature=8 0 1 1 12 4 3 0 4 5 8 4 1 9
split_gain=36.1667 14.4446 10.7696 8.79457 7.0217 6.09755 12.4164 5.15569 8.06516 7.92672 5.97375 7.63928 9.13685 6.01883
threshold=6.745000000000001 4.5000000000000009 4.3450000000000006 4.955000000000001 6.8850000000000007 41.235000000000007 22.835000000000004 2.5000000000000004 39.735000000000007 0.17500000000000002 20.215000000000003 27.390000000000004 4.2650000000000006 41.105000000000011
decision_type=2 2 2 2 2 2 2 2 2 2 2 2 2 2
left_child=-1 3 -3 7 5 -4 -7 8 10 -10 11 -2 -13 -12
right_child=1 2 4 -5 -6 6 -8 -9 9 -11 13 12 -14 -15
leaf_value=-0.043895571808717809 0.053398665215524457 -0.024129424747118752 0.0052775725338890557 0.011105211436210445 -0.014095980985613644 0.051103005901871584 -0.03631810916461628 -0.006795229394583692 0.080835738344688823 0.0062432609800258769 -0.014136693849374297 -0.0061334276225199144 0.076327484864575704 0.051268017095379405
leaf_weight=45.132846817374229 10.384622573852537 66.238704614341259 211.76672922074795 392.64770150184631 87.922857537865639 4.9912300407886532 21.808158457279205 149.52497218549252 6.9468720257282239 7.3086562752723694 47.268662199378014 27.545645430684093 3.8257966488599768 3.8003001362085334
leaf_count=411 56 449 1150 1839 522 26 120 817 35 38 250 153 20 20
internal_value=-7.57766e-05 0.00182225 -0.00574701 0.00640084 -0.00201755 0.00243392 -0.0200364 -0.000797608 0.00757734 0.042593 0.00219984 0.0162273 0.00392281 -0.0092696
internal_weight=1087.11 1041.98 392.728 649.253 326.489 238.566 26.7994 256.606 107.081 14.2555 92.825 41.7561 31.3714 51.069
internal_count=5906 5495 2267 3228 1818 1296 146 1389 572 73 499 229 173 270
is_linear=0
shrinkage=0.05


Tree=19
num_leaves=15
num_cat=0
split_feature=8 0 7 9 9 5 2 2 0 5 7 8 2 8
split_gain=33.7468 13.2846 11.1723 7.98199 6.27001 5.98952 6.95687 6.74009 5.80942 5.63312 6.48942 8.67456 7.77765 6.82984
threshold=6.745000000000001 5.5000000000000009 2.5000000000000004 42.945000000000007 44.590000000000011 0.13500000000000004 6.4850000000000012 6.7950000000000008 2.5000000000000004 0.18500000000000003 3.5000000000000004 57.725000000000001 7.2550000000000008 44.220000000000006
decision_type=2 2 2 2 2 2 2 2 2 2 2 2 2 2
left_child=-1 2 5 -3 -5 -2 8 -8 -7 10 11 12 -4 -12
right_child=1 3 9 4 -6 6 7 -9 -10 -11 13 -13 -14 -15
leaf_value=-0.043139933446721547 -0.043061257527525702 -0.016522514575346977 0.01755025930904159 0.057804848798604015 0.00037315306216407595 0.0070415063293952519 0.071664611360385697 -0.0060197490962290868 -0.0062520486259180514 -0.011988523919606182 -0.010509624589104158 0.085059067291291285 -0.028532318825758941 0.010397735785989159
leaf_weight=43.664695352315903 8.5565877258777601 138.29281675070524 214.55819745361805 5.2139149755239478 53.678977057337761 121.6999446451664 6.4032940119504911 4.9510487169027328 253.11387100815773 27.734089478850365 54.273192092776299 4.5847995728254309 9.5643521249294263 139.3695784509182
leaf_count=411 47 837 1019 28 291 639 33 27 1438 147 259 20 47 663
internal_value=-7.6667e-05 0.0017279 0.00445542 -0.00995775 0.00545771 -0.00168447 -0.000767655 0.0377904 -0.00193571 0.00984012 0.0112735 0.0169764 0.0155837 0.00453793
internal_weight=1085.66 1041.99 844.809 197.186 58.8929 394.725 386.168 11.3543 374.814 450.084 422.35 228.707 224.123 193.643
internal_count=5906 5495 4339 1156 319 2184 2137 60 2077 2155 2008 1086 1066 922
is_linear=0
shrinkage=0.05


Tree=20
num_leaves=15
num_cat=0
split_feature=8 2 0 12 13 2 4 3 1 5 8 3 3 2
split_gain=31.4857 12.4019 8.87148 8.35603 11.1528 12.8649 8.76398 7.53747 8.90992 6.87158 19.3574 6.80801 6.35527 6.34673
threshold=6.745000000000001 5.035000000000001 1.5000000000000002 6.7950000000000008 1.0000000180025095e-35 5.1650000000000009 30.605000000000004 31.890000000000004 4.3250000000000011 0.13500000000000004 51.895000000000003 30.450000000000003 36.180000000000007 5.1850000000000014
decision_type=2 2 2 2 2 2 2 2 2 2 2 2 2 2
left_child=-1 2 7 4 5 6 -3 11 -9 10 -7 -2 -10 -5
right_child=1 3 -4 13 -6 9 -8 8 12 -11 -12 -13 -14 -15
leaf_value=-0.042389909106390816 0.024209853406875956 0.015922146741440182 -0.0067889132673296026 -0.024086273792826352 -0.024561367038009416 -0.050377307230451543 0.087756674129551113 -0.046425144451246562 -0.022487273871564985 0.017715148843944793 0.05196365004909196 0.095319437884012245 0.056515108391043727 0.0036959983414293902
leaf_weight=42.251493543386459 17.188293397426609 7.1070598959922817 410.97801212221384 21.767533615231514 16.578959465026855 12.824673801660539 10.547042682766913 7.7187426239252117 4.3001552671194059 145.79389809072018 7.2226776033639899 4.1855649054050437 6.2390103340148926 369.56964909285307
leaf_count=411 88 37 2323 117 84 65 56 43 22 718 34 20 30 1858
internal_value=-7.68419e-05 0.00163885 -0.0046103 0.00640022 0.0147122 0.0182606 0.0588381 0.0179817 -0.00561095 0.0139411 -0.0135058 0.038135 0.0242808 0.00215065
internal_weight=1084.27 1042.02 450.61 591.411 200.074 183.495 17.6541 39.6318 18.2579 165.841 20.0474 21.3739 10.5392 391.337
internal_count=5906 5495 2526 2969 994 910 93 203 95 817 99 108 52 1975
is_linear=0
shrinkage=0.05


Tree=21
num_leaves=15
num_cat=0
split_feature=8 0 1 1 12 9 4 3 4 5 3 2 8 4
split_gain=29.3701 12.028 9.31764 6.86447 6.23883 5.55125 5.40375 9.85927 4.8484 4.79819 6.30533 5.26323 4.64517 6.58468
threshold=6.745000000000001 4.5000000000000009 4.3450000000000006 4.955000000000001 6.8850000000000007 64.835000000000008 41.235000000000007 22.835000000000004 12.635000000000002 0.16500000000000004 28.425000000000004 5.8250000000000011 10.430000000000001 32.635000000000012
decision_type=2 2 2 2 2 2 2 2 2 2 2 2 2 2
left_child=-1 3 -3 12 5 6 -4 -8 -5 10 11 -6 13 -2
right_child=1 2 4 8 9 -7 7 -9 -10 -11 -12 -13 -14 -15
leaf_value=-0.041644422534401399 0.072104571840506157 -0.022741434478096803 0.0036113270696106221 0.061441942045420188 0.059886752141294124 0.045419707368102843 0.043765112305235672 -0.03512300623943778 0.0092423609905144255 -0.02943745730137276 -0.014044979692181556 -0.0033101105408918623 -0.0024127288057461428 0.0034376986999545504
leaf_weight=40.892169982194901 5.1285060942173031 64.557375900447369 205.37638747692108 4.499548226594924 6.0217527002096158 7.2144922614097586 4.8623214215040234 21.356744915246964 391.39576397836208 30.387611538171768 43.383484587073326 7.2746588140726089 239.97372128814459 10.935848087072371
leaf_count=411 31 449 1116 19 35 35 25 120 1820 195 251 41 1293 65
internal_value=-7.75874e-05 0.00155308 -0.0053873 0.00570959 -0.00194939 0.00222792 0.000882436 -0.0204932 0.00983564 -0.013407 -0.00481259 0.0253108 -0.000670246 0.0253594
internal_weight=1083.26 1042.37 390.435 651.933 325.877 238.81 231.595 26.2191 395.895 87.0675 56.6799 13.2964 256.038 16.0644
internal_count=5906 5495 2267 3228 1818 1296 1261 145 1839 522 327 76 1389 96
is_linear=0
shrinkage=0.05


Tree=22
num_leaves=15
num_cat=0
split_feature=8 0 7 9 5 2 2 9 3 3 8 2 12 15
split_gain=27.3928 11.1755 8.88765 6.86452 5.3771 5.97827 5.70478 5.34004 5.20477 5.28448 5.11148 5.97062 5.29736 6.1613
threshold=6.745000000000001 5.5000000000000009 2.5000000000000004 42.945000000000007 0.13500000000000004 6.4850000000000012 6.7950000000000008 44.590000000000011 52.975000000000001 48.795000000000009 55.000000000000007 6.5050000000000008 6.785000000000001 4.5000000000000009
decision_type=2 2 2 2 2 2 2 2 2 2 2 2 2 2
left_child=-1 2 4 10 -2 -6 -7 -5 9 -4 11 12 -3 -14
right_child=1 3 8 7 5 6 -8 -9 -10 -11 -12 -13 13 -15
leaf_value=-0.040902538858252208 -0.041384848367241961 -0.0010358988888222967 0.0089094347634513411 0.052338972380628151 -0.0017759125454012738 0.064972690316832213 -0.0059566750420238382 0.00015403207414476373 0.052481061288669577 -0.027451399419896678 0.029038529217454152 -0.065737736954677731 -0.027300268397404251 0.019153333681700455
leaf_weight=39.585554227232933 8.2875625044107419 43.021238401532173 436.31469286233187 5.3941601365804663 373.82395765930414 6.6401621401309949 4.9466661512851715 53.755401372909546 6.6981677561998358 10.226725757122038 6.1542047858238211 6.1362668126821509 72.927895911037922 7.9123908430337897
leaf_count=411 47 261 2074 28 2077 33 27 291 31 50 32 34 460 50
internal_value=-7.76249e-05 0.00147296 0.00395922 -0.00930888 -0.00153644 -0.000679574 0.0346914 0.00491305 0.00873292 0.0080767 -0.0154874 -0.0175953 -0.0152103 -0.0227535
internal_weight=1081.83 1042.24 846.938 195.302 393.698 385.411 11.5868 59.1496 453.24 446.541 136.152 129.998 123.862 80.8403
internal_count=5906 5495 4339 1156 2184 2137 60 319 2155 2124 837 805 771 510
is_linear=0
shrinkage=0.05


Tree=23
num_leaves=15
num_cat=0
split_feature=1 0 7 9 12 14 4 4 8 4 2 9 3 5
split_gain=25.5816 9.24079 7.4409 5.8 5.40969 5.13931 5.01065 6.38976 4.92666 4.7517 4.7484 4.66173 4.56414 4.68348
threshold=3.3050000000000002 5.5000000000000009 2.5000000000000004 42.945000000000007 6.7650000000000006 3.5000000000000004 39.945000000000007 31.345000000000002 55.000000000000007 20.120000000000001 4.1050000000000013 44.590000000000011 52.975000000000001 0.17500000000000002
decision_type=2 2 2 2 2 2 2 2 2 2 2 2 2 2
left_child=9 2 -2 4 5 6 7 -3 -6 -1 -11 -5 13 -4
right_child=1 3 12 11 8 -7 -8 -9 -10 10 -12 -13 -14 -15
leaf_value=0.021498056658735665 -0.0011362911867135517 -0.0040808255163597871 0.009679603813855301 0.048507798289459669 -0.023029778585435354 -0.044081895262668501 -0.035086867098308237 0.046513371508904375 0.026925392217745453 -0.040087065660987131 0.016813581270442485 0.00027496798176059663 0.048954630880240504 -0.0057506328208959019
leaf_weight=3.8484385684132567 379.15243075788021 13.314015910029417 390.31281872093678 5.5256262421607962 89.932547971606255 5.0346698164939871 5.0217346996068946 11.746277272701262 5.2220945060253134 50.798485815525055 3.9517377838492385 53.640823930501938 6.8183863610029212 56.266432568430901
leaf_count=39 2077 79 1834 28 562 30 29 70 27 499 31 290 31 280
internal_value=-7.73263e-05 0.00176482 0.00403275 -0.00820239 -0.0140985 0.00267372 0.010499 0.0196337 -0.0202882 -0.0322053 -0.0359801 0.00477949 0.00835535 0.00773548
internal_weight=1080.59 1021.99 832.55 189.438 130.271 35.1167 30.082 25.0603 95.1546 58.5987 54.7502 59.1665 453.398 446.579
internal_count=5906 5337 4222 1115 797 208 178 149 589 569 530 318 2145 2114
is_linear=0
shrinkage=0.05


Tree=24
num_leaves=15
num_cat=0
split_feature=8 0 1 3 4 2 4 4 3 3 5 2 13 12
split_gain=24.0615 9.68475 8.07956 6.05951 7.25149 6.13465 5.6157 7.08827 7.19592 7.4882 6.96987 6.42597 6.25197 6.53019
threshold=6.745000000000001 4.5000000000000009 4.3450000000000006 14.820000000000002 24.880000000000006 5.0550000000000006 21.970000000000002 26.535000000000004 28.765000000000004 30.745000000000001 0.20500000000000004 4.8350000000000009 -1.0000000180025095e-35 6.8750000000000009
decision_type=2 2 2 2 2 2 2 2 2 2 2 2 2 2
left_child=-1 3 -3 4 -2 6 10 -8 11 -10 -5 12 13 -9
right_child=1 2 -4 5 -6 -7 7 8 9 -11 -12 -13 -14 -15
leaf_value=-0.039536680004667181 -0.070796399848775407 -0.021335305107079372 -0.0017519544190110284 0.011701594973624923 -0.0054435613161732468 0.010549097511540631 -0.023287249414070687 -0.022378924047561356 -0.028838097705487783 0.00058212425954897286 0.08500987530446226 -0.026808893740778012 0.032062687102924807 0.036600854405661132
leaf_weight=37.297529816627502 5.2522797435522106 62.868517242372036 324.63973359763622 18.007460743188862 22.124412268400192 343.10247553884983 32.468975976109505 13.413052737712862 25.770044595003128 134.57843839377165 3.95434446632862 8.0667942613363248 40.572829440236092 7.2189264446496955
leaf_count=411 26 449 1818 90 109 1604 178 72 138 703 22 40 208 38
internal_value=-7.68485e-05 0.00133553 -0.00492912 0.00504446 -0.0179816 0.0060496 0.000614696 -0.00142039 0.00167165 -0.00414608 0.0249012 0.0151384 0.0206671 -0.00174248
internal_weight=1079.34 1042.04 387.508 654.53 27.3767 627.153 284.051 262.089 229.62 160.348 21.9618 69.2716 61.2048 20.632
internal_count=5906 5495 2267 3228 135 3093 1489 1377 1199 841 112 358 318 110
is_linear=0
shrinkage=0.05


Tree=25
num_leaves=15
num_cat=0
split_feature=1 2 12 13 2 12 9 0 3 1 3 4 3 8
split_gain=22.6897 9.21158 7.26703 10.3843 11.0839 7.42901 10.2928 7.14665 7.03178 8.42323 5.87321 5.80578 5.63812 5.63709
threshold=2.1350000000000002 5.035000000000001 6.7950000000000008 0.75000000000000011 5.1650000000000009 6.7550000000000008 28.415000000000003 1.5000000000000002 31.890000000000004 4.3250000000000011 30.450000000000003 31.830000000000002 39.655000000000008 18.685000000000006
decision_type=2 2 2 2 2 2 2 2 2 2 2 2 2 2
left_child=-1 7 3 4 5 6 -3 8 10 -10 11 -2 -6 -4
right_child=1 2 13 -5 12 -7 -8 -9 9 -11 -12 -13 -14 -15
leaf_value=-0.045890176624254 -0.012443051071136911 0.093415793306027339 0.040355049143622784 -0.068443274139223256 0.014848293655545569 0.096870105057705769 -0.0027170706621439857 -0.0062336019615055818 -0.045756701643968126 0.022228987168682324 0.087080836229751366 0.046090126560772826 -0.0079887195907822599 0.00028935951117611337
leaf_weight=26.365076906979084 7.1765878498554292 4.1749515980482128 8.9841867163777334 3.8524324595928183 146.90081964433193 6.0228075683116904 8.3596345633268339 415.3079751431942 7.9514911994338062 10.669129848480223 4.3401685655117026 10.340446725487707 33.120402052998543 384.56157925724983
leaf_count=301 38 20 53 20 715 31 44 2426 48 52 20 52 164 1922
internal_value=-7.6682e-05 0.00107175 0.00516383 0.0128621 0.0144394 0.0512315 0.0293023 -0.00427897 0.0157758 -0.00680268 0.0350109 0.0221096 0.0106467 0.00120401
internal_weight=1078.13 1051.76 595.977 202.431 198.579 18.5574 12.5346 455.786 40.4778 18.6206 21.8572 17.517 180.021 393.546
internal_count=5906 5605 2969 994 974 95 64 2636 210 100 110 90 879 1975
is_linear=0
shrinkage=0.05


Tree=26
num_leaves=15
num_cat=0
split_feature=1 0 7 1 1 5 2 2 8 0 2 9 5 12
split_gain=21.2741 8.88139 7.13846 6.79059 6.62031 5.00239 5.16487 4.86154 4.59522 4.21689 6.11104 13.7941 6.84656 8.47123
threshold=2.1350000000000002 5.5000000000000009 2.5000000000000004 4.3550000000000013 4.4450000000000012 0.13500000000000004 6.4850000000000012 6.7950000000000008 44.220000000000006 2.5000000000000004 2.5650000000000004 11.880000000000001 0.19500000000000003 6.8850000000000007
decision_type=2 2 2 2 2 2 2 2 2 2 2 2 2 2
left_child=-1 2 5 -3 -5 -2 8 -8 9 10 -7 12 13 -12
right_child=1 3 -4 4 -6 6 7 -9 -10 -11 11 -13 -14 -15
leaf_value=-0.045290151538057322 -0.040488712396021254 -0.028823971959655071 0.0074696745097718635 0.058117041832561035 -0.0059588519994574407 -0.023907072631453433 0.058954575159367854 -0.0060673479790023114 -0.050016328187204945 -0.0049555841097805881 0.0091999705887424524 0.002297194391524782 0.10775875945075356 0.092475972291609171
leaf_weight=25.403132811188698 8.1335841417312604 34.273507550358772 457.58190162479877 4.1377763301134101 156.43388739228249 14.687093682587145 6.8571608662605268 4.9498138129711151 4.8949315249919882 252.00203763693571 10.336231604218485 89.234713099896908 3.9781390726566306 4.3344622850418082
leaf_count=301 47 264 2160 26 893 92 33 27 24 1479 54 463 21 22
internal_value=-7.64704e-05 0.0010155 0.00320625 -0.00862012 -0.00430768 -0.00167814 -0.00087137 0.0316956 -0.00188468 -0.00125569 0.0063512 0.0104705 0.0495798 0.0338039
internal_weight=1077.24 1051.84 856.99 194.845 160.572 399.408 391.275 11.807 379.468 374.573 122.571 107.884 18.6488 14.6707
internal_count=5906 5605 4422 1183 919 2262 2215 60 2155 2131 652 560 97 76
is_linear=0
shrinkage=0.05


Tree=27
num_leaves=15
num_cat=0
split_feature=1 1 0 18 1 1 12 1 15 3 4 9 12 4
split_gain=19.9448 8.23437 6.93401 5.1292 6.12086 5.45559 4.18762 5.21353 4.85097 6.77815 6.12162 3.88584 5.70439 4.86122
threshold=2.1350000000000002 5.3350000000000009 5.5000000000000009 0.040000000000000008 7.6750000000000016 7.4800000000000013 6.9350000000000014 5.3950000000000005 3.5000000000000004 38.930000000000007 33.250000000000007 64.835000000000008 6.9750000000000005 39.240000000000002
decision_type=2 2 2 2 2 2 2 2 2 2 2 2 2 2
left_child=-1 2 -2 4 6 11 7 -3 -8 10 -10 12 13 -5
right_child=1 3 -4 5 -6 -7 8 -9 9 -11 -12 -13 -14 -15
leaf_value=-0.04469168202324323 -0.0011586496474446917 0.038501643511823967 -0.017301653608229991 0.02011190635768044 0.04126101273710775 -0.027532530228308701 -0.027021879922874109 0.0012759864300488641 -0.04124271080741046 0.061655878948619604 0.023118602213653625 -0.028205031175618463 -0.020584579285463929 -0.00062124236365095932
leaf_weight=24.479647196829319 410.80870977044106 9.7262447923421842 79.373025812208652 150.11550863087177 9.3719672709703428 8.684663772583006 27.581124350428581 285.30998314917088 7.6475674659013766 4.2249998599290839 7.1473839581012726 5.5794433057308188 11.171732679009436 34.83196260035038
leaf_count=301 2333 50 562 674 43 40 150 1418 41 22 38 26 51 157
internal_value=-7.62238e-05 0.000962382 -0.00377262 0.00509676 0.00139671 0.01127 0.000303133 0.00250318 -0.0136256 0.0058006 -0.01015 0.0129408 0.0141113 0.0162071
internal_weight=1076.05 1051.57 490.182 561.393 351.009 210.383 341.637 295.036 46.6011 19.02 14.795 201.699 196.119 184.947
internal_count=5906 5605 2895 2710 1762 948 1719 1468 251 101 79 908 882 831
is_linear=0
shrinkage=0.05


Tree=28
num_leaves=15
num_cat=0
split_feature=1 7 12 8 7 18 2 2 5 4 0 9 15 13
split_gain=18.6967 7.57801 6.26005 6.47032 6.86759 6.60879 5.64693 6.79405 6.8171 7.62878 6.26616 8.24268 7.90985 6.48819
threshold=2.1350000000000002 2.5000000000000004 6.7950000000000008 57.725000000000001 3.5000000000000004 0.040000000000000008 2.5100000000000002 3.6650000000000005 0.13500000000000004 35.280000000000008 2.5000000000000004 11.200000000000001 2.5000000000000004 -1.0000000180025095e-35
decision_type=2 2 2 2 2 2 2 2 2 2 2 2 2 2
left_child=-1 6 -3 5 -5 -4 -2 10 -9 -10 13 -12 -13 -8
right_child=1 2 3 4 -6 -7 7 8 9 -11 11 12 -14 -15
leaf_value=-0.044093788885002011 -0.018029171121014279 0.012531110040307837 -0.0053265786558097071 0.078394686258818846 0.010081443923116697 0.0082294643421040523 0.00012957157202640019 -0.050827406620256012 -0.0096014652739454757 0.0059630719125243169 -0.016393260573661281 0.0068497471028134893 0.071983559558868773 0.054758634525878029
leaf_weight=23.593559890985489 60.491803415119648 179.07293389737606 232.85025770962238 5.3326231539249429 11.864478066563606 146.45735258609056 8.8432206809520721 7.820115089416503 204.09750691056252 128.16353347152472 27.609668053686619 18.325989529490474 6.2511367723345748 14.103445373475552
leaf_count=301 420 838 1219 23 55 669 47 48 1166 725 173 112 38 72
internal_value=-7.52363e-05 0.000912655 0.00477193 0.00126765 0.0312646 -9.23516e-05 -0.00375684 -0.00167753 -0.00468377 -0.00359773 0.0119298 0.00235491 0.0234164 0.0337056
internal_weight=1074.88 1051.28 575.578 396.505 17.1971 379.308 475.706 415.215 340.081 332.261 75.1335 52.1868 24.5771 22.9467
internal_count=5906 5605 2804 1966 78 1888 2801 2381 1939 1891 442 323 150 119
is_linear=0
shrinkage=0.05


Tree=29
num_leaves=15
num_cat=0
split_feature=1 13 2 12 2 12 9 3 0 3 1 3 3 1
split_gain=17.5233 7.52498 7.69388 7.09259 9.83499 6.42858 7.93094 6.00211 5.84328 5.88256 7.70303 5.65637 4.95267 5.04921
threshold=2.1350000000000002 1.2500000000000002 5.035000000000001 6.7950000000000008 5.1650000000000009 6.7550000000000008 28.415000000000003 49.780000000000008 1.5000000000000002 31.890000000000004 4.3250000000000011 36.180000000000007 39.655000000000008 4.535000000000001
decision_type=2 2 2 2 2 2 2 2 2 2 2 2 2 2
left_child=-1 2 8 4 5 6 -4 -5 9 -2 -11 -12 13 -6
right_child=1 -3 3 7 12 -7 -8 -9 -10 10 11 -13 -14 -15
leaf_value=-0.043495588728023442 0.031551770796092726 -0.065957785652802539 0.080068535455602385 9.9675943619265527e-05 -0.021328159933510782 0.088100954682378219 -0.0025002307710991298 0.045216414567930407 -0.0055764133572838576 -0.04464801248935503 -0.02339270178032813 0.05049375190104697 -0.0085114305018420249 0.015297780124924271
leaf_weight=22.743781104683876 22.303946226835251 4.1962400004267684 4.4684053212404278 385.82353679835796 10.093123808503149 6.2778453826904288 8.3295202404260618 7.5153003036975852 411.11700669676065 7.7346580177545574 4.3350428193807584 6.4358629435300827 33.290301717817783 139.01470570266247
leaf_count=301 110 24 21 1935 56 31 44 35 2421 48 22 30 165 663
internal_value=-7.48109e-05 0.000864878 0.00113276 0.00486928 0.0124981 0.046658 0.0263287 0.000961696 -0.00378514 0.0142603 -0.00658043 0.0207561 0.00892553 0.0128186
internal_weight=1073.68 1050.94 1046.74 594.813 201.474 19.0758 12.7979 393.339 451.927 40.8095 18.5056 10.7709 182.398 149.108
internal_count=5906 5605 5581 2950 980 96 65 1970 2631 210 100 52 884 719
is_linear=0
shrinkage=0.05


Tree=30
num_leaves=15
num_cat=0
split_feature=1 0 1 1 2 2 10 4 4 8 15 9 14 1
split_gain=16.4207 7.13229 5.80069 6.07996 5.45988 6.91989 8.30198 8.19452 7.39552 9.77733 6.82139 7.23568 5.80948 9.69268
threshold=2.1350000000000002 5.5000000000000009 4.3550000000000013 4.4450000000000012 4.1250000000000009 3.6650000000000005 1.0000000180025095e-35 35.280000000000008 26.735000000000003 10.430000000000001 2.5000000000000004 3.5100000000000002 3.5000000000000004 5.0150000000000006
decision_type=2 2 2 2 2 2 2 2 2 2 2 2 2 2
left_child=-1 4 -3 -4 5 7 -7 8 9 -2 -11 -12 -9 -14
right_child=1 2 3 -5 -6 6 -8 12 -10 10 11 -13 13 -15
leaf_value=-0.042896285848042816 0.06716798945187763 -0.026999248442825613 0.055273202702690441 -0.0055458881158080807 0.0050026522071995472 -0.030443929510032317 0.013906734398278612 -0.022080082044563878 0.020768527341839225 -0.029023055882964277 -0.023464323450754415 0.078020022057072355 -0.023978379780357717 0.081359396070187204
leaf_weight=21.929206699132919 3.8748446404933921 32.884172543883324 4.2207855135202399 155.48188480734825 653.54863507300615 42.039970494806767 14.087534487247465 43.641780123114586 59.847899325191975 25.23444639146328 3.5546794906258574 3.4718639105558395 4.9689271226525289 3.8961491733789444
leaf_count=301 32 264 26 893 3239 239 77 259 340 143 21 20 33 19
internal_value=-7.40763e-05 0.000819622 -0.00787612 -0.0039385 0.00277109 -0.0043565 -0.0193123 0.00129659 0.00998403 -0.00787718 -0.0168908 0.0266798 -0.0145842 0.022317
internal_weight=1072.68 1050.75 192.587 159.703 858.167 204.618 56.1275 148.491 95.9837 36.1358 32.261 7.02654 52.5069 8.86508
internal_count=5906 5605 1183 919 4422 1183 316 867 556 216 184 41 311 52
is_linear=0
shrinkage=0.05


Tree=31
num_leaves=15
num_cat=0
split_feature=1 13 1 3 8 3 3 8 1 1 18 8 4 0
split_gain=15.3836 7.0316 6.7886 5.18597 13.5974 7.87114 6.3291 6.35377 6.70979 6.82561 6.21209 6.47394 5.6582 4.92869
threshold=2.1350000000000002 1.2500000000000002 5.5050000000000008 50.155000000000008 43.230000000000011 47.100000000000009 45.785000000000004 60.925000000000004 7.5250000000000012 7.4350000000000014 0.040000000000000008 34.790000000000006 50.235000000000007 2.5000000000000004
decision_type=2 2 2 2 2 2 2 2 2 2 2 2 2 2
left_child=-1 2 13 5 -5 6 7 8 9 10 12 -12 -4 -2
right_child=1 -3 3 4 -6 -7 -8 -9 -10 -11 11 -13 -14 -15
leaf_value=-0.042295156997130795 0.0049082563215827133 -0.064973077611904739 -0.0010814473920385407 0.099644810356418256 -0.0083305792449542785 -0.033910872850975042 0.05622161865702946 0.044846119840680092 -0.030908578159981971 0.067529393299689155 0.064521180544960352 0.010117322937322936 0.0574032865848563 -0.0058088673944990364
leaf_weight=21.148720949888229 147.73662553727627 4.0507942140102378 274.80478821694851 5.0887879431247693 6.8279467225074768 13.054128006100653 6.0578452646732321 9.6984540075063688 13.40241603553295 4.3211215883493415 5.6568727493286124 164.00620146095753 4.1987400203943244 391.74603848159313
leaf_count=301 775 24 1376 23 32 63 28 43 64 21 25 730 20 2381
internal_value=-7.41179e-05 0.000775756 0.00103023 0.00518364 0.037778 0.00439927 0.00543652 0.00479032 0.00395737 0.00498894 0.00438661 0.0119312 -0.000201307 -0.002874
internal_weight=1071.8 1050.65 1046.6 507.117 11.9167 495.201 482.146 476.089 466.39 452.988 448.667 169.663 279.004 539.483
internal_count=5906 5605 5581 2425 55 2370 2307 2279 2236 2172 2151 755 1396 3156
is_linear=0
shrinkage=0.05


Tree=32
num_leaves=15
num_cat=0
split_feature=1 13 2 12 2 4 8 2 2 3 8 2 9 9
split_gain=14.4093 6.58483 6.1877 6.45696 8.70796 5.65786 5.25662 5.28234 7.91193 6.00134 7.99919 6.78342 5.76719 6.63157
threshold=2.1350000000000002 1.2500000000000002 5.035000000000001 6.7950000000000008 5.1650000000000009 30.605000000000004 18.685000000000006 5.1850000000000014 5.205000000000001 43.515000000000008 61.610000000000007 5.9050000000000011 39.490000000000002 39.845000000000006
decision_type=2 2 2 2 2 2 2 2 2 2 2 2 2 2
left_child=-1 2 -2 4 5 -4 -5 -8 -9 10 12 -11 -10 -14
right_child=1 -3 3 6 -6 -7 7 8 9 11 -12 -13 13 -15
leaf_value=-0.041691562976176461 -0.003452118883907482 -0.064054538396949565 0.0092084535293649652 0.038106642207450449 0.0081959441395059798 0.064726917338011933 -0.025343696715336313 0.052851534892745217 -0.012004755372463215 0.073690099261716407 0.061891592485152351 0.00990151777588507 0.069543267576544041 0.00091077676532659829
leaf_weight=20.401207312941551 449.65510930120945 3.907081000506877 7.4469214081764248 9.1191124245524389 183.14687618613243 11.957584559917448 19.967150688171387 7.2300850600004187 109.880252212286 5.3688063472509411 4.8708205819129935 18.630364298820496 3.5780577063560477 215.53239589929581
leaf_count=301 2631 24 37 53 884 59 108 36 557 25 21 89 18 1063
internal_value=-7.31204e-05 0.000735291 0.000977209 0.00431486 0.0115705 0.0434204 0.000586498 -0.00030207 0.00106748 2.12534e-05 -0.00171476 0.0241715 -0.00265647 0.00203154
internal_weight=1070.69 1050.29 1046.38 596.728 202.551 19.4045 394.177 385.058 365.091 357.861 333.862 23.9992 328.991 219.11
internal_count=5906 5605 5581 2950 980 96 1970 1917 1809 1773 1659 114 1638 1081
is_linear=0
shrinkage=0.05


Tree=33
num_leaves=15
num_cat=0
split_feature=1 0 1 1 1 15 1 2 5 9 0 4 5 4
split_gain=13.4931 6.22433 5.25851 5.44124 4.45985 6.28769 4.03835 6.36545 4.71244 4.02815 3.78913 7.60646 6.71831 6.13221
threshold=2.1350000000000002 5.5000000000000009 4.3550000000000013 4.4450000000000012 4.9150000000000009 5.5000000000000009 5.0650000000000004 4.5550000000000006 0.16500000000000004 65.835000000000008 2.5000000000000004 39.735000000000007 0.15500000000000003 42.010000000000012
decision_type=2 2 2 2 2 2 2 2 2 2 2 2 2 2
left_child=-1 4 -3 -4 5 10 7 8 -6 -5 11 12 -2 -13
right_child=1 2 3 9 6 -7 -8 -9 -10 -11 -12 13 -14 -15
leaf_value=-0.041084956671960257 -0.040101313631426959 -0.025923040983569231 0.051509881630323474 -0.0065989970075150508 0.089032617856827451 0.050175163252195433 0.0042805962878510349 0.00052274952980366836 0.027083552416039824 0.044184723578937567 -0.0070238818363349735 0.083959350096011354 0.0038721433050745804 0.015153322136212247
leaf_weight=19.685548909008503 9.7011583521962148 32.094977267086506 4.335299313068389 150.84912979602814 4.658526003360751 5.6399988308548918 509.98502624034882 14.348207756876944 9.0017951279878599 4.0085400789976111 208.02169481664896 4.8643208891153327 83.003968879580498 9.686661444604395
leaf_count=301 55 264 26 872 23 33 2397 74 49 21 1266 24 452 49
internal_value=-7.22236e-05 0.000696543 -0.00746009 -0.00373777 0.0025131 -0.00215185 0.00529579 0.0237807 0.0482098 -0.00528444 -0.00308793 0.0045458 -0.000729473 0.0381548
internal_weight=1069.88 1050.2 191.288 159.193 858.911 320.918 537.994 28.0085 13.6603 154.858 315.278 107.256 92.7051 14.551
internal_count=5906 5605 1183 919 4422 1879 2543 146 72 893 1846 580 507 73
is_linear=0
shrinkage=0.05


Tree=34
num_leaves=15
num_cat=0
split_feature=1 13 1 0 4 4 4 4 3 0 8 2 5 12
split_gain=12.6315 6.15188 5.61443 5.15444 3.97506 4.94753 6.80815 5.19558 3.79669 6.8211 7.03693 6.58596 4.8915 8.70609
threshold=2.1350000000000002 1.2500000000000002 5.3350000000000009 5.5000000000000009 55.280000000000008 45.910000000000004 44.495000000000005 41.710000000000008 33.180000000000007 1.5000000000000002 24.875000000000004 4.7950000000000008 0.17500000000000002 6.9850000000000012
decision_type=2 2 2 2 2 2 2 2 2 2 2 2 2 2
left_child=-1 2 3 8 5 6 7 -4 9 10 -2 -12 13 -11
right_child=1 -3 4 -5 -6 -7 -8 -9 -10 12 11 -13 -14 -15
leaf_value=-0.0404748372442226 0.039261510318944232 -0.063196836015581445 0.0051884412723575309 -0.014998826240650296 0.049742363386872664 -0.025251888488708032 0.057052413973870508 -0.017486211664243429 0.0048469226936868892 -0.0037097843580207999 0.019167871180689047 -0.060052551114987855 -0.01588134625614734 0.064018665383531237
leaf_weight=19.000639624893665 16.415336534380916 3.7581827268004409 509.97934763133526 76.131409749388695 4.769695132970809 14.181835919618605 6.1314195096492758 26.580212235450745 171.18616934120655 103.46862904727459 6.5595479905605298 4.3722113370895386 101.37238165736198 4.9728779494762412
leaf_count=301 84 24 2440 560 22 71 29 129 977 582 32 21 606 28
internal_value=-7.13889e-05 0.00065983 0.000889234 -0.00305465 0.00429127 0.00390198 0.00466384 0.00406518 -0.000827806 -0.0049239 0.0185636 -0.0125167 -0.00798526 -0.000603914
internal_weight=1068.88 1049.88 1046.12 484.479 561.643 556.873 542.691 536.56 408.347 237.161 27.3471 10.9318 209.814 108.442
internal_count=5906 5605 5581 2890 2691 2669 2598 2569 2330 1353 137 53 1216 610
is_linear=0
shrinkage=0.05


Tree=35
num_leaves=15
num_cat=0
split_feature=1 13 1 8 2 1 12 5 3 2 9 3 4 3
split_gain=11.8878 5.76061 5.48669 7.91419 10.1153 7.4568 4.89349 8.53964 11.4903 10.5803 5.82624 5.49542 7.19308 6.86168
threshold=1.7400000000000002 1.2500000000000002 4.3450000000000006 18.500000000000004 3.1550000000000007 4.0750000000000011 6.8850000000000007 0.16500000000000004 28.540000000000003 5.8250000000000011 34.460000000000001 37.870000000000012 38.595000000000006 40.205000000000005
decision_type=2 2 2 2 2 2 2 2 2 2 2 2 2 2
left_child=-1 2 3 4 -2 -5 -4 8 9 10 -8 12 -10 -13
right_child=1 -3 6 5 -6 -7 7 -9 11 -11 -12 13 -14 -15
leaf_value=-0.043729603546101892 -0.017303944974227263 -0.062407750470865331 0.0049139241539076809 -0.038199273508917046 0.011632504272014838 -0.0062850500856065682 0.040569207128428382 -0.016284280321505504 -0.020386060110386718 0.0028321315967960708 0.11011572776998187 0.034442166514881335 0.020679107284337306 -0.0078711420070191069
leaf_weight=15.367321815341709 47.877728309482336 3.6189441606402388 611.54269570112228 31.079201109707355 81.802796103060246 44.524056047201157 13.61043865978718 84.538973025977612 57.836032629013062 20.20889787375927 3.8671067506074897 16.97381380200386 13.074310839176176 21.998529568314552
leaf_count=252 405 24 3046 189 502 266 70 473 300 100 20 84 66 109
internal_value=-7.05803e-05 0.000566843 0.000784113 -0.00654675 0.000949239 -0.0194044 0.00256792 -0.00361319 0.00364579 0.0274695 0.0559572 -0.00452503 -0.0128145 0.0105578
internal_weight=1067.92 1052.55 1048.93 205.284 129.681 75.6033 843.651 232.108 147.569 37.6864 17.4775 109.883 70.9103 38.9723
internal_count=5906 5654 5630 1362 907 455 4268 1222 749 190 90 559 366 193
is_linear=0
shrinkage=0.05


Tree=36
num_leaves=15
num_cat=0
split_feature=1 0 1 1 2 14 4 2 2 3 3 3 12 12
split_gain=11.1615 5.58129 4.98505 4.93636 4.11248 6.82761 7.45575 8.78942 5.87986 5.72462 6.78952 5.02569 7.48463 7.02718
threshold=1.7400000000000002 5.5000000000000009 4.3550000000000013 4.4450000000000012 4.1250000000000009 1.5000000000000002 37.120000000000012 3.7000000000000006 3.4800000000000009 44.540000000000006 21.635000000000002 41.225000000000009 6.7950000000000008 6.7250000000000005
decision_type=2 2 2 2 2 2 2 2 2 2 2 2 2 2
left_child=-1 4 -3 -4 5 6 7 8 -2 10 -7 13 -13 -12
right_child=1 2 3 -5 -6 9 -8 -9 -10 -11 11 12 -14 -15
leaf_value=-0.043200804292063112 -0.0035198260718055391 -0.025231875116742214 0.048454157165123773 -0.0050732389923705701 0.0041798461932367878 -0.02857926916927744 -0.049133976637284443 -0.046959977853906841 0.058540093497972207 -0.030337704574480446 -0.023224766947583107 0.084248736287161188 0.0032817087779222786 0.011108798773743159
leaf_weight=14.792283948510883 29.671848364174366 31.928305186331272 4.4308726489543906 154.31428188085556 656.4681603834033 13.547103792428969 14.663477949798105 10.992174200713633 4.3800737857818595 12.56986156105995 17.862600915133953 5.2444285005331022 6.2627428248524666 89.958828374743462
leaf_count=252 183 279 26 893 3239 82 87 65 24 77 101 31 35 532
internal_value=-7.04985e-05 0.000535791 -0.00720494 -0.00357919 0.00224878 -0.00393041 -0.0181668 -0.0080859 0.0044629 0.00191385 0.00496481 0.00877299 0.0401827 0.00542081
internal_weight=1067.09 1052.29 190.673 158.745 861.621 205.153 59.7076 45.0441 34.0519 145.446 132.876 119.329 11.5072 107.821
internal_count=5906 5654 1198 919 4456 1217 359 272 207 858 781 699 66 633
is_linear=0
shrinkage=0.05


Tree=37
num_leaves=15
num_cat=0
split_feature=1 0 3 4 12 5 1 5 10 3 3 9 9 3
split_gain=10.4773 5.19136 5.34978 6.73974 5.32336 5.72696 5.31873 5.71485 5.34871 6.95965 5.02503 4.55504 5.24495 4.50515
threshold=1.7400000000000002 4.5000000000000009 14.820000000000002 24.880000000000006 6.8850000000000007 0.16500000000000004 6.4750000000000005 0.13500000000000004 1.0000000180025095e-35 8.115000000000002 32.910000000000004 36.940000000000005 48.435000000000009 40.865000000000002
decision_type=2 2 2 2 2 2 2 2 2 2 2 2 2 2
left_child=-1 2 3 -2 6 -6 7 -3 9 -9 -8 -12 -13 -14
right_child=1 4 -4 -5 5 -7 10 8 -10 -11 11 12 13 -15
leaf_value=-0.042667876098178958 -0.069108618308109396 -0.042720982002603082 0.0041151174481800284 -0.0063289141627111941 -0.0040787279137701462 -0.028486253778617521 0.028701371321735721 0.062529383989416029 -0.017678601611091398 -0.00012064857174536885 0.028490168559217807 -0.044788786858552809 -0.013689089720002738 0.04549235796108772
leaf_weight=14.242189329117535 5.2920803986489799 9.2027397416532022 637.91789449378848 22.246040247380733 58.677233841270208 40.706222552806139 26.825494289398193 4.5528343580663195 45.858583725988865 168.2322294563055 9.5531879663467389 8.1579268276691455 10.114494025707243 4.714664787054061
leaf_count=252 29 59 3169 110 349 300 130 26 294 1029 47 41 48 23
internal_value=-7.00856e-05 0.000506584 0.00318366 -0.0183935 -0.00410153 -0.0140757 -0.000650171 -0.00412329 -0.00249871 0.00153016 0.0126797 -0.000528229 -0.012588 0.00512659
internal_weight=1066.29 1052.05 665.456 27.5381 386.596 99.3835 287.212 227.846 218.644 172.785 59.3658 32.5403 22.9871 14.8292
internal_count=5906 5654 3308 139 2346 649 1697 1408 1349 1055 289 159 112 71
is_linear=0
shrinkage=0.05


Tree=38
num_leaves=15
num_cat=0
split_feature=1 0 9 9 2 1 8 1 8 1 12 2 3 3
split_gain=9.83283 4.72673 4.57076 4.92168 4.61667 5.13317 3.91419 3.78031 3.70439 3.89503 3.91302 3.83022 6.46632 7.01595
threshold=1.7400000000000002 5.5000000000000009 43.405000000000008 44.590000000000011 6.5050000000000008 6.4750000000000005 46.965000000000011 6.6950000000000012 60.925000000000004 7.5250000000000012 6.8350000000000009 4.1250000000000009 43.82500000000001 41.225000000000009
decision_type=2 2 2 2 2 2 2 2 2 2 2 2 2 2
left_child=-1 8 4 -4 5 6 -3 -7 9 11 -11 12 13 -2
right_child=1 2 3 -5 -6 7 -8 -9 -10 10 -12 -13 -14 -15
leaf_value=-0.042130266740780457 -0.0038260219367489789 -0.011569807041507785 0.053236444801590205 0.00060178742038943746 -0.051080415050617049 0.053565149992444383 -0.064441759228356835 -0.00014054266125918124 0.037088981407959611 -0.064001149341890273 -0.0046529904387826171 0.0040519840635041245 -0.032347234918645294 0.03270073026099387
leaf_weight=13.716122474521397 172.40141570195556 105.75817163661122 4.8449388593435279 53.309634104371071 7.0957109481096259 4.9919253736734381 3.6203424036502829 9.5357143729925138 7.4773771464824668 4.4139434695243818 7.4909135103225708 638.42746027559042 18.093062844127417 14.231542497873304
leaf_count=252 1022 744 24 291 41 27 21 50 32 20 36 3151 113 82
internal_value=-6.92447e-05 0.000479313 -0.00667856 0.00498685 -0.0118571 -0.0096109 -0.0133198 0.0183136 0.00204906 0.00174264 -0.0266574 0.00214363 -0.00380748 -0.0010407
internal_weight=1065.41 1051.69 189.156 58.1546 131.002 123.906 109.379 14.5276 862.536 855.058 11.9049 843.153 204.726 186.633
internal_count=5906 5654 1198 315 883 842 765 77 4456 4424 56 4368 1217 1104
is_linear=0
shrinkage=0.05


Tree=39
num_leaves=15
num_cat=0
split_feature=1 9 8 1 8 2 1 9 12 13 8 12 4 9
split_gain=9.23064 5.86604 4.57631 4.18961 7.8557 8.45897 7.05269 5.292 4.08643 5.65171 5.14938 6.03965 4.27652 8.01469
threshold=3.3850000000000002 19.395000000000007 10.760000000000003 4.3450000000000006 18.500000000000004 3.1550000000000007 4.0750000000000011 7.7900000000000009 6.8150000000000004 0.75000000000000011 57.725000000000001 6.8450000000000006 39.815000000000005 7.0200000000000005
decision_type=2 2 2 2 2 2 2 2 2 2 2 2 2 2
left_child=1 -1 -2 4 5 -4 -6 -7 9 12 -10 -12 -5 -14
right_child=2 -3 3 8 6 7 -8 -9 10 -11 11 -13 13 -15
leaf_value=-0.025543284596408408 0.031300374012954976 0.026181877147667815 -0.034049288088336425 0.0093051743016113551 -0.037110915936209375 0.060817235849992005 -0.0058073955673378242 0.0075155719573503843 -0.0019113284768870816 -0.052120523843804223 0.062580666564302431 0.0011285114928725763 -0.050162769754940995 0.0019990655563370454
leaf_weight=49.746960084885359 12.331690177321432 6.159995198249816 11.961477264761923 290.8967536687851 30.341844402253628 5.0713173523545256 44.211049139499664 56.958032496273518 473.63073570281267 4.1240370869636527 6.8117065727710751 9.6806286126375181 8.5229103565216047 54.163349449634552
leaf_count=604 72 44 77 1436 189 29 266 336 2439 25 29 44 46 270
internal_value=-6.80055e-05 -0.0198441 0.00102807 0.000653404 -0.00709252 0.00444942 -0.0185474 0.0118733 0.00201052 0.0060738 -0.000954981 0.0265096 0.00675255 -0.00509293
internal_weight=1064.61 55.907 1008.71 996.374 148.544 73.9908 74.5529 62.0293 847.83 357.707 490.123 16.4923 353.583 62.6863
internal_count=5906 648 5258 5186 897 442 455 365 4289 1777 2512 73 1752 316
is_linear=0
shrinkage=0.05


Tree=40
num_leaves=15
num_cat=0
split_feature=1 0 3 4 12 5 10 3 13 4 4 2 13 4
split_gain=8.88062 4.44852 4.82672 6.3561 4.68433 5.28205 4.5736 6.18445 4.77633 4.30141 9.76964 5.5641 5.72047 8.97584
threshold=1.7400000000000002 4.5000000000000009 14.820000000000002 24.880000000000006 6.8850000000000007 0.16500000000000004 1.5000000000000002 8.115000000000002 1.0000000180025095e-35 39.695000000000007 39.160000000000004 5.6950000000000012 -1.0000000180025095e-35 44.495000000000005
decision_type=2 2 2 2 2 2 2 2 2 2 2 2 2 2
left_child=-1 2 3 -2 6 -6 7 -3 9 10 -9 -11 -13 -14
right_child=1 4 -4 -5 5 -7 -8 8 -10 11 -12 12 13 -15
leaf_value=-0.041261817127012899 -0.067943877389886928 0.049460301490162437 0.0037906064984946095 -0.00609757950753252 -0.0037047049595021172 -0.027340708074466782 -0.046222953786504845 0.0020465273080669043 -0.030284721150171386 -0.030557668411020217 0.085266203785991576 -0.04366330327307661 -0.0041786212339741226 0.083139139777801213
leaf_weight=12.923945512622593 5.1116040162742165 6.2456721253693095 638.96214090287685 22.18380169570446 58.394781820476055 39.711685936897993 5.3930017650127402 216.67126889526844 13.12923503294587 23.007812485098839 3.5850372686982146 4.3710938841104516 9.8856620341539365 4.1908093094825754
leaf_count=252 29 35 3169 110 349 300 34 1281 82 150 19 24 51 21
internal_value=-6.72595e-05 0.000439377 0.00291101 -0.0176795 -0.00384249 -0.0132721 -0.00061326 0.00026182 -0.0008562 0.000620135 0.00340107 -0.0141552 0.00630194 0.0218174
internal_weight=1063.77 1050.84 666.258 27.2954 384.586 98.1065 286.48 281.087 274.841 261.712 220.256 41.4554 18.4476 14.0765
internal_count=5906 5654 3308 139 2346 649 1697 1663 1628 1546 1300 246 96 72
is_linear=0
shrinkage=0.05


Tree=41
num_leaves=15
num_cat=0
split_feature=1 0 3 4 12 5 12 15 15 10 1 3 14 3
split_gain=8.32797 4.02423 4.38354 6.01489 4.27579 4.91749 4.40462 5.40757 4.89539 5.40357 4.12694 3.99013 9.11448 3.78526
threshold=1.7400000000000002 4.5000000000000009 14.820000000000002 24.880000000000006 6.8850000000000007 0.16500000000000004 6.8750000000000009 2.5000000000000004 2.5000000000000004 1.0000000180025095e-35 6.7350000000000012 29.080000000000002 4.5000000000000009 35.645000000000003
decision_type=2 2 2 2 2 2 2 2 2 2 2 2 2 2
left_child=-1 2 3 -2 6 11 8 -8 9 -3 -10 12 -6 -11
right_child=1 4 -4 -5 5 -7 7 -9 10 13 -12 -13 -14 -15
leaf_value=-0.040709955678891081 -0.066816891834261191 0.0058746467852869447 0.0035955519269099019 -0.0058075360235079832 -0.0038356595659820541 -0.026467534139451084 0.0032170415212312074 0.071319444031220272 -0.018069690196904933 -0.02793030439395703 0.024843428799054577 -0.01171153946108568 0.082890871612675304 0.0018912361530221797
leaf_weight=12.456102557480333 4.9422249346971538 166.41291281580925 639.91862812638283 22.128582447767258 12.379581775516273 38.989376846700907 7.8713857382535917 4.6290446147322655 58.359209686517715 22.863673511892557 6.1975464075803748 41.883919976651669 4.0110475569963446 19.90440833568573
leaf_count=252 29 966 3169 110 74 300 45 26 361 140 30 253 22 129
internal_value=-6.6678e-05 0.000415246 0.00276185 -0.0169458 -0.00366598 -0.0127229 -0.000588424 0.0284361 -0.00191385 0.0018007 -0.01395 -0.00352692 0.0173877 -0.0140513
internal_weight=1062.95 1050.49 666.989 27.0708 383.502 97.2639 286.238 12.5004 273.738 209.181 64.5568 58.2745 16.3906 42.7681
internal_count=5906 5654 3308 139 2346 649 1697 71 1626 1235 391 349 96 269
is_linear=0
shrinkage=0.05


Tree=42
num_leaves=15
num_cat=0
split_feature=1 7 5 2 12 1 8 8 14 2 1 0 3 4
split_gain=7.80725 3.78125 5.53544 4.66025 4.12671 5.0403 4.11066 4.10627 4.08364 4.86803 4.0732 3.98225 3.95731 10.1915
threshold=1.7400000000000002 2.5000000000000004 0.13500000000000004 6.4050000000000011 6.7950000000000008 7.5250000000000012 60.175000000000004 44.220000000000006 1.5000000000000002 6.6950000000000012 5.4250000000000007 2.5000000000000004 40.415000000000006 29.330000000000002
decision_type=2 2 2 2 2 2 2 2 2 2 2 2 2 2
left_child=-1 2 -2 7 5 10 -6 11 -5 -10 -3 -4 -12 -14
right_child=1 4 3 8 6 -7 -8 -9 9 -11 12 -13 13 -15
leaf_value=-0.040151968343022572 -0.038868477890404395 0.032344064283462308 0.0051286821871131512 0.058358090549947887 -0.00055891022610353024 -0.033171345654256772 0.032560536449155707 -0.044278169064550892 0.041838692310407322 -0.032907149630714221 0.012147033614800559 -0.0054499874305022613 0.0430909127763862 -0.024602364599696558
leaf_weight=12.00913382694125 10.480454340577124 19.756286278367043 123.87586594372988 5.7822825014591208 388.03036495298147 6.7184388786554328 9.6006417423486692 5.9521672278642646 4.3215183615684492 4.3922834694385529 125.50575795024633 315.64638293534517 7.36084917187691 22.728889152407646
leaf_count=252 73 93 655 29 1926 30 42 30 21 24 573 2016 33 109
internal_value=-6.58532e-05 0.000392556 -0.00293792 -0.00211924 0.00309537 0.00932971 0.000240746 -0.00302711 0.0257802 0.00416226 0.0109581 -0.00246847 0.00824268 -0.00804257
internal_weight=1062.16 1050.15 470.451 459.971 579.701 182.07 397.631 445.474 14.4961 8.7138 175.352 439.522 155.595 30.0897
internal_count=5906 5654 2848 2775 2806 838 1968 2701 74 45 808 2671 715 142
is_linear=0
shrinkage=0.05


Tree=43
num_leaves=15
num_cat=0
split_feature=1 9 8 2 1 8 2 1 5 4 8 9 12 5
split_gain=7.33279 5.29008 4.1783 3.67941 3.56566 7.27691 7.60638 6.63446 4.71825 4.87259 5.23023 6.36462 5.60181 3.73589
threshold=3.3850000000000002 19.395000000000007 10.760000000000003 4.8650000000000011 4.3450000000000006 18.500000000000004 3.1550000000000007 4.0750000000000011 0.20500000000000004 39.240000000000002 15.435000000000002 16.870000000000005 6.8050000000000006 0.17500000000000002
decision_type=2 2 2 2 2 2 2 2 2 2 2 2 2 2
left_child=1 -1 -2 -3 5 6 -4 -7 9 10 -8 12 -12 -6
right_child=2 3 4 -5 13 7 8 -9 -10 -11 11 -13 -14 -15
leaf_value=-0.023795285786288339 0.029643597499492736 0.064151608048350711 -0.032694479822600604 -0.01292253974503565 0.0035611487103536566 -0.036049680083701484 -0.0075668399697197868 -0.0054436122404598573 0.056948418607143808 -0.037779024346375312 -0.062602626333809405 0.038315288893392821 0.022183187885556926 -0.0044054235770511268
leaf_weight=47.294717598706484 12.480575665831564 3.0753934457898131 11.615194030106066 3.1187538616359234 658.37057078629732 29.642916403710842 20.581646323204041 43.971815392374992 5.2059284895658484 5.4411315023899069 3.3624332696199444 22.986006416380405 4.6316733956336975 189.52314874529839
leaf_count=604 72 19 77 25 3257 189 119 266 30 33 22 132 29 1032
internal_value=-6.44574e-05 -0.0181047 0.000893016 0.0253448 0.00053251 -0.00664413 0.00444817 -0.017768 0.0113832 0.00722183 0.0119706 0.0249503 -0.0134789 0.00178044
internal_weight=1061.3 53.4889 1007.81 6.19415 995.332 147.439 73.824 73.6147 62.2088 57.0029 51.5618 30.9801 7.99411 847.894
internal_count=5906 648 5258 44 5186 897 442 455 365 335 302 183 51 4289
is_linear=0
shrinkage=0.05


end of trees

feature_importances:
national_win_rate=120
boat_hull_2連率=68
national_2連率=64
motor_2連率=63
exhibition_time=56
boat_number=55
local_win_rate=52
average_start_timing=35
local_2連率=35
racer_class_rank=20
tilt_angle=12
wave_height_cm=11
wind_speed_m=10
flying_count=7
course_makuri_rate=7
course_sashi_rate=1

parameters:
[boosting: gbdt]
[objective: binary]
[metric: binary_logloss]
[tree_learner: serial]
[device_type: cpu]
[data_sample_strategy: bagging]
[data: ]
[valid: ]
[num_iterations: 500]
[learning_rate: 0.05]
[num_leaves: 15]
[num_threads: 0]
[seed: 0]
[deterministic: 0]
[force_col_wise: 0]
[force_row_wise: 0]
[histogram_pool_size: -1]
[max_depth: -1]
[min_data_in_leaf: 20]
[min_sum_hessian_in_leaf: 0.001]
[bagging_fraction: 1]
[pos_bagging_fraction: 1]
[neg_bagging_fraction: 1]
[bagging_freq: 0]
[bagging_seed: 3]
[bagging_by_query: 0]
[feature_fraction: 1]
[feature_fraction_bynode: 1]
[feature_fraction_seed: 2]
[extra_trees: 0]
[extra_seed: 6]
[early_stopping_round: 0]
[early_stopping_min_delta: 0]
[first_metric_only: 0]
[max_delta_step: 0]
[lambda_l1: 0]
[lambda_l2: 0]
[linear_lambda: 0]
[min_gain_to_split: 0]
[drop_rate: 0.1]
[max_drop: 50]
[skip_drop: 0.5]
[xgboost_dart_mode: 0]
[uniform_drop: 0]
[drop_seed: 4]
[top_rate: 0.2]
[other_rate: 0.1]
[min_data_per_group: 100]
[max_cat_threshold: 32]
[cat_l2: 10]
[cat_smooth: 10]
[max_cat_to_onehot: 4]
[top_k: 20]
[monotone_constraints: ]
[monotone_constraints_method: basic]
[monotone_penalty: 0]
[feature_contri: ]
[forcedsplits_filename: ]
[refit_decay_rate: 0.9]
[cegb_tradeoff: 1]
[cegb_penalty_split: 0]
[cegb_penalty_feature_lazy: ]
[cegb_penalty_feature_coupled: ]
[path_smooth: 0]
[interaction_constraints: ]
[verbosity: -1]
[saved_feature_importance_type: 0]
[use_quantized_grad: 0]
[num_grad_quant_bins: 4]
[quant_train_renew_leaf: 0]
[stochastic_rounding: 1]
[linear_tree: 0]
[max_bin: 255]
[max_bin_by_feature: ]
[min_data_in_bin: 3]
[bin_construct_sample_cnt: 200000]
[data_random_seed: 1]
[is_enable_sparse: 1]
[enable_bundle: 1]
[use_missing: 1]
[zero_as_missing: 0]
[feature_pre_filter: 1]
[pre_partition: 0]
[two_round: 0]
[header: 0]
[label_column: ]
[weight_column: ]
[group_column: ]
[ignore_column: ]
[categorical_feature: ]
[forcedbins_filename: ]
[precise_float_parser: 0]
[parser_config_file: ]
[objective_seed: 5]
[num_class: 1]
[is_unbalance: 0]
[scale_pos_weight: 1]
[sigmoid: 1]
[boost_from_average: 1]
[reg_sqrt: 0]
[alpha: 0.9]
[fair_c: 1]
[poisson_max_delta_step: 0.7]
[tweedie_variance_power: 1.5]
[lambdarank_truncation_level: 30]
[lambdarank_norm: 1]
[label_gain: ]
[lambdarank_position_bias_regularization: 0]
[eval_at: ]
[multi_error_top_k: 1]
[auc_mu_weights: ]
[num_machines: 1]
[local_listen_port: 12400]
[time_out: 120]
[machine_list_filename: ]
[machines: ]
[gpu_platform_id: -1]
[gpu_device_id: -1]
[gpu_device_id_list: ]
[gpu_use_dp: 0]
[num_gpu: 1]

end of parameters

pandas_categorical:[]
