tree
version=v4
num_class=1
num_tree_per_iteration=1
label_index=0
max_feature_idx=15
objective=binary sigmoid:1
feature_names=boat_number national_win_rate local_win_rate motor_2連率 boat_hull_2連率 average_start_timing course_win_rate racer_class_rank national_2連率 local_2連率 flying_count late_count exhibition_time tilt_angle wind_speed_m wave_height_cm
feature_infos=[1:6] [0:8.7699999999999996] [0:9] [0:88.890000000000001] [0:72.219999999999999] [0:0.28000000000000003] [0.029999999999999999:0.55000000000000004] [1:4] [0:68.040000000000006] [0:85.709999999999994] [0:2] none [6.46:7.2300000000000004] [-0.5:3] [0:9] [0:8]
tree_sizes=1661 1707 1711 1703 1708 1710 1719 1714 1713 1705 1710 1712 1711 1710 1703 1718 1706 1704 1721 1724 1716 1715 1724 1725 1716 1719 1716 1715 1718 1719 1719 1736 1716 1715 1723 1714 1717 1718 1711 1711 1714 1712 1705 1722 1705 1719 1723 1720 1723 1716 1721 1725 1730

Tree=0
num_leaves=15
num_cat=0
split_feature=0 1 1 0 0 8 9 12 4 1 0 4 8 4
split_gain=265.012 83.1536 57.9513 41.2379 24.9543 18.957 16.087 14.4097 13.2285 11.2089 10.7859 15.0299 27.8014 16.205
threshold=3.5000000000000004 4.8650000000000011 5.6950000000000012 4.5000000000000009 1.5000000000000002 57.20000000000001 23.170000000000005 6.8850000000000007 41.32500000000001 4.1850000000000014 1.5000000000000002 31.455000000000002 47.480000000000011 35.930000000000007
decision_type=2 2 2 2 2 2 2 2 2 2 2 2 2 2
left_child=1 4 9 7 6 10 -1 8 -4 -2 -3 12 -12 -13
right_child=2 5 3 -5 -6 -7 -8 -9 -10 -11 11 13 -14 -15
leaf_value=-1.3775356167008774 -1.4377656157549612 -1.3194094019960634 -1.3517378789115599 -1.4066152173724484 -1.3963004208331002 -1.2713804390385881 -1.3088523981351929 -1.3943318134745259 -1.2510722094582605 -1.4178689544858247 -1.3455299447532669 -1.3770295194194386 -1.2700265570665663 -1.3399022996743883
leaf_weight=19.984221085906029 109.51353155076504 44.764655232429504 45.244276538491249 136.85194599628448 119.90532651543617 10.072047427296637 14.868260487914084 20.623716160655022 3.5172229111194602 200.16195839643478 53.078091204166412 56.115692809224129 15.827503100037573 61.711274713277817
leaf_count=125 685 280 283 856 750 63 93 129 22 1252 332 351 99 386
internal_value=-1.38761 -1.35686 -1.41123 -1.3907 -1.38548 -1.33853 -1.34823 -1.3593 -1.34448 -1.42491 -1.34145 -1.34674 -1.32819 -1.35758
internal_weight=912.24 396.327 515.913 206.237 154.758 241.569 34.8525 69.3852 48.7615 309.675 231.497 186.733 68.9056 117.827
internal_count=5706 2479 3227 1290 968 1511 218 434 305 1937 1448 1168 431 737
is_linear=0
shrinkage=1


Tree=1
num_leaves=15
num_cat=0
split_feature=0 1 1 0 0 8 9 4 4 9 3 12 8 1
split_gain=238.07 71.3532 54.3991 37.0507 22.0496 15.6214 13.4216 12.6267 14.8931 15.0056 13.669 12.4949 11.5456 10.8915
threshold=3.5000000000000004 4.8650000000000011 5.6950000000000012 4.5000000000000009 1.5000000000000002 44.975000000000009 23.170000000000005 31.620000000000001 36.100000000000009 51.665000000000006 37.465000000000011 6.8850000000000007 57.20000000000001 4.1850000000000014
decision_type=2 2 2 2 2 2 2 2 2 2 2 2 2 2
left_child=1 4 13 11 6 -3 -1 -7 9 10 -9 -4 -10 -2
right_child=2 5 3 -5 -6 7 -8 8 12 -11 -12 -13 -14 -15
leaf_value=0.0095109145549572543 -0.049163702757984096 0.035742035244301536 0.039903159390167899 -0.018269392449415636 -0.0083010175698870151 0.088370990594756227 0.07134630732057376 0.085438887199769331 0.060690603107890574 -0.025015290358719022 -0.0047957321199144573 -0.0064129586277043753 0.15203359398792804 -0.029291992684434276
leaf_weight=20.105134695768356 106.22241370379925 157.95952905714512 50.025779008865356 135.29134905338287 119.27981302142143 29.912121444940567 15.572535037994383 10.781282484531408 28.66910894215107 10.569587141275404 6.8720751404762259 20.540492355823517 3.9341687858104697 196.5295484662056
leaf_count=125 685 964 305 856 750 177 93 66 174 65 42 129 23 1252
internal_value=-2.53527e-05 0.028646 -0.0227803 -0.00294975 0.00201421 0.0452397 0.0365007 0.0617734 0.0486937 0.022102 0.0503125 0.0264214 0.0717128 -0.0362641
internal_weight=912.265 403.655 508.61 205.858 154.957 248.698 35.6777 90.7383 60.8262 28.2229 17.6534 70.5663 32.6033 302.752
internal_count=5706 2479 3227 1290 968 1511 218 547 370 173 108 434 197 1937
is_linear=0
shrinkage=0.05


Tree=2
num_leaves=15
num_cat=0
split_feature=0 8 1 0 8 0 12 0 1 12 3 12 1 4
split_gain=214.161 62.6844 51.0442 33.3308 18.9549 16.0067 10.8799 10.8336 10.5885 10.3723 12.2034 15.6931 14.3109 10.2533
threshold=3.5000000000000004 23.590000000000003 5.6950000000000012 4.5000000000000009 44.975000000000009 1.5000000000000002 6.8850000000000007 1.5000000000000002 4.1850000000000014 6.7750000000000012 30.935000000000006 6.7150000000000007 5.0550000000000006 41.32500000000001
decision_type=2 2 2 2 2 2 2 2 2 2 2 2 2 2
left_child=1 5 8 6 7 -1 13 -3 -2 10 -9 -12 -13 -4
right_child=2 4 3 -5 -6 -7 -8 9 -10 -11 11 12 -14 -15
leaf_value=0.027165586882755256 -0.048198322752465689 0.051204016696549781 0.030601773963731739 -0.017555328237698405 0.056597353098820663 -0.01912629907634017 -0.0061165598674782209 0.0096839398356018905 -0.028346192902960029 0.015361504032854518 0.022931010988670422 0.14345603643887817 0.055224263637935526 0.11504752917433092
leaf_weight=24.829306736588478 103.01437303423882 46.08379353582859 47.306180030107498 133.79359793663025 93.95436629652977 75.323994517326355 20.461138039827347 19.232790887355804 193.02323615550995 115.31229899823666 16.27248826622963 7.5246866643428829 11.806984007358549 3.8901861011981955
leaf_count=149 685 272 283 856 547 476 129 117 1252 701 99 47 71 22
internal_value=-4.60522e-05 0.026742 -0.0219653 -0.00281689 0.0378465 -0.00764994 0.0247016 0.0296991 -0.0352543 0.0238747 0.0417763 0.0591121 0.0895677 0.0370184
internal_weight=911.829 410.341 501.489 205.451 310.187 100.153 71.6575 216.233 296.038 170.149 54.8369 35.6042 19.3317 51.1964
internal_count=5706 2479 3227 1290 1854 625 434 1307 1937 1035 334 217 118 305
is_linear=0
shrinkage=0.05


Tree=3
num_leaves=15
num_cat=0
split_feature=0 1 1 0 8 0 12 3 4 1 0 4 4 9
split_gain=192.866 55.8773 47.8611 30.0041 15.5375 12.9326 12.0305 15.4214 11.5223 10.2968 10.0845 9.94202 12.0251 12.7448
threshold=3.5000000000000004 4.4650000000000007 5.6950000000000012 4.5000000000000009 44.975000000000009 1.5000000000000002 6.8150000000000004 28.540000000000003 34.445000000000007 4.1850000000000014 1.5000000000000002 31.620000000000001 36.100000000000009 51.665000000000006
decision_type=2 2 2 2 2 2 2 2 2 2 2 2 2 2
left_child=1 5 9 -4 10 6 7 -1 -9 -2 -3 -6 13 -13
right_child=2 4 3 -5 11 -7 -8 8 -10 -11 -12 12 -14 -15
leaf_value=-0.025041124477964874 -0.047256933404231427 0.048557708730539863 0.023125933527289196 -0.016863343693901873 0.074698127845277837 -0.017517154124044889 -0.010251845676043184 0.041551010823322125 0.1560756446635394 -0.027421667923843943 0.022375932159500844 0.042124061157057871 0.06055927701696321 -0.026121407798443519
leaf_weight=3.8774310052394894 99.89286981523037 46.872571244835854 72.654934391379356 132.357008934021 32.365398868918419 76.201126351952553 13.055470198392866 4.7438044995069486 4.0896575897932053 189.64192074537277 170.78732521831989 18.762412771582607 35.019602388143539 10.766937270760534
leaf_count=23 685 269 434 856 177 485 77 28 24 1252 1026 108 197 65
internal_value=-6.36686e-05 0.0250028 -0.0211764 -0.0026914 0.035429 -0.00716266 0.0234596 0.0580849 0.0945729 -0.0342651 0.0280141 0.052082 0.0407422 0.0172405
internal_weight=911.088 416.542 494.547 205.012 314.574 101.967 25.7664 12.7109 8.83346 289.535 217.66 96.9144 64.549 29.5294
internal_count=5706 2479 3227 1290 1842 637 152 75 52 1937 1295 547 370 173
is_linear=0
shrinkage=0.05


Tree=4
num_leaves=15
num_cat=0
split_feature=0 8 1 0 0 1 1 9 1 12 1 12 3 4
split_gain=173.848 49.1869 44.8645 27.0325 14.1426 11.2541 10.0139 9.70421 9.63767 9.58529 10.7431 9.38777 8.84145 8.29726
threshold=3.5000000000000004 29.100000000000005 5.6950000000000012 4.5000000000000009 1.5000000000000002 7.205000000000001 4.1850000000000014 22.795000000000005 4.8550000000000013 6.7950000000000008 5.0150000000000006 6.8850000000000007 32.505000000000003 41.32500000000001
decision_type=2 2 2 2 2 2 2 2 2 2 2 2 2 2
left_child=1 4 6 11 7 9 -2 -1 -6 10 -3 13 -10 -4
right_child=2 5 3 -5 8 -7 -8 -9 12 -11 -12 -13 -14 -15
leaf_value=0.0047329706795746123 -0.046336645218695856 0.094303576118895227 0.027038157956031768 -0.016193055641429307 -0.011893989066998191 0.071410456304994291 -0.026517920821012654 0.05475190257934956 -0.01177009383017345 0.02595260789989854 0.040297274201833794 -0.0069003991838915563 0.071869591811202102 0.10045887064062548
leaf_weight=21.196464672684669 96.860435456037521 10.417668387293814 48.768333494663239 130.97980904579163 107.40557037293911 21.442278608679771 186.38407242298126 17.873596832156181 5.7645598500967008 151.75009918212891 79.325583562254906 20.671693593263626 6.9921664297580719 4.1776579618453971
leaf_count=126 685 61 283 856 683 117 1252 99 34 869 449 129 41 22
internal_value=-7.84075e-05 0.0234141 -0.0204083 -0.00256757 0.00148293 0.0366955 -0.0332953 0.0276154 -0.0070139 0.0336131 0.0465665 0.0216748 0.0340742 0.0328314
internal_weight=910.01 422.168 487.842 204.597 159.232 262.936 283.245 39.0701 120.162 241.493 89.7433 73.6177 12.7567 52.946
internal_count=5706 2479 3227 1290 983 1496 1937 225 758 1379 510 434 75 305
is_linear=0
shrinkage=0.05


Tree=5
num_leaves=15
num_cat=0
split_feature=0 1 0 8 1 0 9 12 4 9 8 3 12 12
split_gain=157.923 63.4339 21.7329 18.9768 18.6187 17.3118 9.28041 8.22945 11.976 10.6496 8.08847 8.90795 8.57195 11.2539
threshold=4.5000000000000009 4.8650000000000011 1.5000000000000002 46.965000000000011 4.1950000000000012 3.5000000000000004 23.170000000000005 6.6850000000000014 31.130000000000003 42.025000000000006 22.705000000000002 26.210000000000004 6.785000000000001 6.6950000000000012
decision_type=2 2 2 2 2 2 2 2 2 2 2 2 2 2
left_child=1 2 6 5 -2 -3 -1 -5 -9 -10 -4 -12 13 -13
right_child=4 3 10 7 -6 -7 -8 8 9 -11 11 12 -14 -15
leaf_value=0.0052145966902197695 -0.051682368490030509 0.028139550944386429 -0.02317394463603592 0.089695827534565897 -0.022125043344856959 -0.00064678886888721991 0.054620380131721269 0.06493853064051712 0.052340833398321976 0.013271784858708828 -0.035488823024365755 -0.048355522201796737 -0.0079228492994405375 0.04689457283458813
leaf_weight=21.044559597969055 67.531075417995453 187.62390626966953 101.34167662262917 9.2493457645177823 252.45966139435768 72.375713184475899 17.334125235676765 34.157620847225189 29.230487048625946 43.251264944672585 15.150575026869772 3.7017630040645626 35.138106629252434 19.11027455329895
leaf_count=125 492 1064 682 49 1695 452 93 183 162 243 98 24 226 118
internal_value=-9.03673e-05 0.015277 -0.00653532 0.0276268 -0.0283628 0.0201263 0.0275292 0.0444542 0.0405302 0.0290276 -0.0140298 -0.00135296 0.00757157 0.0314381
internal_weight=908.7 588.709 212.821 375.888 319.991 260 38.3787 115.889 106.639 72.4818 174.442 73.1007 57.9501 22.812
internal_count=5706 3519 1366 2153 2187 1516 218 637 588 405 1148 466 368 142
is_linear=0
shrinkage=0.05


Tree=6
num_leaves=15
num_cat=0
split_feature=0 1 0 1 8 0 12 9 3 8 12 12 12 9
split_gain=143.906 56.1474 19.5604 18.0726 16.3418 15.2169 8.22397 8.15879 7.63633 9.07638 7.91324 17.2505 8.7663 7.58337
threshold=4.5000000000000009 4.8650000000000011 1.5000000000000002 4.1950000000000012 46.965000000000011 3.5000000000000004 6.6950000000000012 46.455000000000005 30.855000000000004 23.760000000000002 6.7750000000000012 6.7150000000000007 6.745000000000001 28.415000000000003
decision_type=2 2 2 2 2 2 2 2 2 2 2 2 2 2
left_child=1 2 6 -2 5 -3 -1 -5 -4 -10 11 -11 -13 -8
right_child=3 4 8 7 -6 -7 13 -9 9 10 -12 12 -14 -15
leaf_value=0.083419928126330201 -0.050896756793380585 0.026321166127284291 -0.026060909704010177 -0.026613398803032148 0.041272645010186917 -0.00061469221116284287 0.00059251337521771304 -0.0058284021587348377 -0.015281335793596154 -0.019443734101588592 -0.0033737513239797748 0.15402920887610902 0.04759998318254368 0.051861296574873199
leaf_weight=5.3386017680168143 65.203990578651428 190.48013645410538 70.91732420027256 185.59418602287769 118.48815609514713 72.347937867045403 23.085881844162941 63.322011709213257 67.813447758555412 5.8296835869550687 20.443081960082054 3.4329637587070465 4.4334558546543121 10.490061312913893
leaf_count=29 492 1064 474 1269 637 452 134 426 461 37 131 20 25 55
internal_value=-0.000100782 0.0143915 -0.00625121 -0.0274641 0.0258565 0.0189066 0.0257758 -0.0213259 -0.0134608 -0.00469622 0.0163299 0.0457399 0.0940465 0.0166103
internal_weight=907.221 593.101 211.785 314.12 381.316 262.828 38.9145 248.916 172.87 101.953 34.1392 13.6961 7.86642 33.5759
internal_count=5706 3519 1366 2187 2153 1516 218 1695 1148 674 213 82 45 189
is_linear=0
shrinkage=0.05


Tree=7
num_leaves=15
num_cat=0
split_feature=0 1 0 1 8 0 4 12 2 9 1 1 1 9
split_gain=131.173 49.7924 17.6163 17.5371 14.1667 14.67 8.7628 11.465 7.79966 7.73004 7.59478 7.3764 7.22587 7.21803
threshold=4.5000000000000009 4.8650000000000011 1.5000000000000002 4.1950000000000012 47.480000000000011 3.5000000000000004 30.945000000000004 6.6850000000000014 5.9350000000000014 42.025000000000006 6.3550000000000013 2.2300000000000004 5.6950000000000012 23.170000000000005
decision_type=2 2 2 2 2 2 2 2 2 2 2 2 2 2
left_child=1 2 13 -2 5 -3 -6 -8 -5 -9 12 -4 -7 -1
right_child=3 4 11 8 6 10 7 9 -10 -11 -12 -13 -14 -15
leaf_value=0.0043616774199629199 -0.050131263969939943 0.025197765294239421 -0.059896961101071823 -0.027991056019707018 0.061010634616359444 -0.011507836151224405 0.090357928591902281 0.043657337880317296 -0.0098765278211283905 0.010310446801755989 -0.038034651494379908 -0.010624792601773687 0.022308991757275395 0.047288502750676552
leaf_weight=21.232576593756676 62.947090089321136 200.07515579462051 7.9663335382938376 144.6526446044445 32.727788969874382 30.419003963470459 7.2023969590663901 29.745514318346977 100.85602191090584 41.799057975411415 11.551325783133505 163.36866849660873 32.861786454916 18.175273045897484
leaf_count=125 492 1100 58 1010 166 208 36 157 685 228 68 1090 190 93
internal_value=-0.000109614 0.0135674 -0.00598277 -0.0265863 0.0242306 0.0181339 0.0392655 0.0302281 -0.0205495 0.0241748 -0.000752274 -0.0129157 0.00605328 0.0241599
internal_weight=905.581 597.125 210.743 308.456 386.382 274.907 111.475 78.747 245.509 71.5446 74.8321 171.335 63.2808 39.4078
internal_count=5706 3519 1366 2187 2153 1566 587 421 1695 385 466 1148 398 218
is_linear=0
shrinkage=0.05


Tree=8
num_leaves=15
num_cat=0
split_feature=0 1 1 8 0 0 3 12 0 9 15 2 6 12
split_gain=119.596 44.9998 17.0116 16.1661 16.8382 10.8306 8.44503 13.8989 7.54869 7.33996 7.30744 7.15368 9.03853 7.00846
threshold=4.5000000000000009 4.4750000000000005 4.1950000000000012 46.965000000000011 3.5000000000000004 1.5000000000000002 28.540000000000003 6.7350000000000012 1.5000000000000002 46.455000000000005 2.5000000000000004 2.1350000000000002 0.13000000000000003 6.8950000000000005
decision_type=2 2 2 2 2 2 2 2 2 2 2 2 2 2
left_child=1 5 -2 4 8 6 -1 -8 -3 -4 -9 12 -10 -13
right_child=2 3 9 -5 -6 -7 7 10 11 -11 -12 13 -14 -15
leaf_value=-0.030493554849328777 -0.049383298186396807 0.037952559819621451 -0.024935381509090374 0.03588000281013648 -0.0040633032330511555 -0.018896484567860517 0.10595660201925974 0.028111602631321397 0.10545087659853331 -0.0050594735101646589 -0.051876416510035855 0.019744750199944532 0.0060152074653222268 -0.0038668072708709037
leaf_weight=7.2982586026191738 60.761109828948975 53.731668576598167 179.57746005058289 123.01673927903175 88.235362514853477 112.46277943253517 4.8689282536506679 12.239950880408285 4.9798800200223905 62.655892580747604 3.7240738719701758 145.906294465065 4.2236655056476593 40.055596470832825
leaf_count=42 492 283 1269 637 563 780 25 68 28 426 21 821 24 227
internal_value=-0.000116441 0.0128011 -0.0257279 0.0203654 0.0147042 -0.0119558 0.0157917 0.0320064 0.0213574 -0.0197943 0.00945207 0.0167885 0.0598181 0.0146589
internal_weight=903.738 600.743 302.994 460.149 337.132 140.594 28.1312 20.833 248.897 242.233 15.964 195.165 9.20355 185.962
internal_count=5706 3519 2187 2583 1946 936 156 114 1383 1695 89 1100 52 1048
is_linear=0
shrinkage=0.05


Tree=9
num_leaves=15
num_cat=0
split_feature=0 1 8 8 0 0 12 3 4 9 2 1 1 1
split_gain=109.046 40.2781 16.5719 12.8736 11.8609 11.4961 10.2881 11.0189 7.29764 6.37208 7.92386 6.31929 7.9252 6.24845
threshold=4.5000000000000009 4.6250000000000009 35.465000000000011 46.965000000000011 1.5000000000000002 3.5000000000000004 6.8150000000000004 28.540000000000003 34.365000000000009 45.890000000000008 3.4200000000000004 6.495000000000001 7.5050000000000008 6.3550000000000013
decision_type=2 2 2 2 2 2 2 2 2 2 2 2 2 2
left_child=1 4 -2 5 6 -3 7 -1 -9 10 -4 -11 -13 -7
right_child=2 3 9 -5 -6 13 -8 8 -10 11 -12 12 -14 -15
leaf_value=-0.026671131070984535 -0.036116421771212597 0.020238054907945304 0.022911109483193946 0.033510542461491627 -0.015895519433496791 0.0036546184676866933 -0.010259249522063904 0.032780675768982241 0.10976161767305702 0.018189388782593085 -0.026708466192256704 -0.02639156189175761 0.039888729130940465 -0.038406139190764285
leaf_weight=3.9615341573953655 156.20813278853893 233.26952455937862 9.0208889245986921 125.07405404746532 130.42750231921673 72.673857644200325 16.319935292005539 6.5142730325460416 5.8373119533061981 26.55922544002533 74.437283158302307 26.056702941656116 5.4540770202875128 10.051175534725187
leaf_count=23 1202 1273 64 637 904 465 92 35 29 181 526 177 37 61
internal_value=-0.0001224 0.0120831 -0.0248882 0.0199329 -0.00915026 0.0145588 0.0178091 0.0458892 0.0691616 -0.0124954 -0.0213451 0.00022344 -0.0149194 -0.00145581
internal_weight=901.865 604.129 297.736 441.069 163.061 315.995 32.6331 16.3131 12.3516 141.528 83.4582 58.07 31.5108 82.725
internal_count=5706 3519 2187 2436 1083 1799 179 87 64 985 590 395 214 526
is_linear=0
shrinkage=0.05


Tree=10
num_leaves=15
num_cat=0
split_feature=0 1 1 0 3 4 8 1 5 8 0 3 12 1
split_gain=99.4491 36.3126 16.4195 12.8769 10.4944 9.89238 11.4238 9.45628 9.12227 13.1408 9.11865 8.50543 11.3045 8.04019
threshold=4.5000000000000009 4.4650000000000007 4.1950000000000012 2.5000000000000004 31.890000000000004 31.385000000000002 46.250000000000007 7.5850000000000009 0.19500000000000003 30.600000000000005 1.5000000000000002 28.540000000000003 6.7350000000000012 5.9150000000000009
decision_type=2 2 2 2 2 2 2 2 2 2 2 2 2 2
left_child=1 10 -2 7 -5 8 -7 -3 9 -6 11 -1 -13 -11
right_child=2 3 -4 4 5 6 -8 -9 -10 13 -12 12 -14 -15
leaf_value=-0.034509965456652872 -0.04811600252384704 0.025747769944558192 -0.018235893619950847 -0.00070719943666955169 0.095959092605984508 -0.0033248014191056248 0.032786106241620989 0.10005449148236999 -0.030924856044192119 0.0015164194548732306 -0.017874934374549258 0.094975545311202142 0.0092511279523712475 0.047670672305883746
leaf_weight=6.7665681540966061 57.125398635864258 202.79491244256496 235.57961778342724 114.73184011876583 9.3909865468740445 60.78643311560154 34.237251535058022 4.3739283233880988 4.5959869027137747 15.150447770953177 108.42105499655008 5.069959923624995 15.926737666130064 25.016484379768372
leaf_count=40 492 1072 1695 661 57 361 178 21 28 89 770 24 88 130
internal_value=-0.000127072 0.0114123 -0.0240674 0.0179863 0.010662 0.0194061 0.00968604 0.0273166 0.0364618 0.0427112 -0.0113278 0.01424 0.0299505 0.0302619
internal_weight=899.968 607.263 292.705 471.078 263.909 149.178 95.0237 207.169 54.1539 49.5579 136.184 27.7633 20.9967 40.1669
internal_count=5706 3519 2187 2597 1504 843 539 1093 304 276 922 152 112 219
is_linear=0
shrinkage=0.05


Tree=11
num_leaves=15
num_cat=0
split_feature=0 8 8 0 1 8 9 0 4 8 4 3 12 15
split_gain=91.2039 32.2837 22.7137 10.3241 8.3822 8.04658 6.89916 6.85676 8.30739 10.4422 10.3442 10.0895 9.17906 8.83936
threshold=3.5000000000000004 35.465000000000011 23.590000000000003 4.5000000000000009 2.6450000000000005 57.20000000000001 59.030000000000008 1.5000000000000002 31.455000000000002 47.480000000000011 35.930000000000007 26.110000000000003 6.8850000000000007 1.5000000000000002
decision_type=2 2 2 2 2 2 2 2 2 2 2 2 2 2
left_child=2 4 -1 -3 -2 7 -7 -4 9 11 -10 -9 -13 -14
right_child=1 3 5 -5 -6 6 -8 8 10 -11 -12 12 13 -15
leaf_value=-0.0056499646441022051 -0.054242566601654198 0.010730172359346521 0.034240115251512368 -0.011206608908445565 -0.02572650110676046 0.08564936251418917 0.010866568232898974 -0.01684853541011062 -0.0037164525889978616 0.058764753986441071 0.021242854454629118 0.038451020314100803 -0.056869363163342262 0.022977120393147227
leaf_weight=96.594561621546745 29.722773551940918 87.453851252794266 69.243749186396599 138.69719403982162 193.79232094436884 8.8166464865207654 4.7434127777814856 15.384511262178419 77.034680977463722 21.538174241781235 90.021875247359276 50.042217746376991 5.4621842652559272 9.4852815717458707
leaf_count=625 260 498 349 985 1484 41 22 86 423 99 481 272 30 51
internal_value=-0.000131323 -0.0160425 0.0158259 -0.00272354 -0.0295185 0.0217231 0.0594898 0.0202089 0.0165967 0.0278471 0.00973339 0.019562 0.0281812 -0.00620082
internal_weight=898.033 449.666 448.367 226.151 223.515 351.773 13.5601 338.213 268.969 101.912 167.057 80.3742 64.9897 14.9475
internal_count=5706 3227 2479 1483 1744 1854 63 1791 1442 538 904 439 353 81
is_linear=0
shrinkage=0.05


Tree=12
num_leaves=15
num_cat=0
split_feature=0 1 1 0 12 1 5 1 9 4 3 9 2 4
split_gain=83.4203 29.8596 15.608 11.7102 7.97954 11.2028 9.13294 9.58516 12.4776 9.39355 8.09174 7.42532 7.04934 8.06497
threshold=4.5000000000000009 4.8650000000000011 4.1950000000000012 1.5000000000000002 6.9150000000000009 5.9150000000000009 0.15500000000000003 5.3250000000000011 33.57500000000001 31.730000000000004 46.940000000000005 46.290000000000006 7.3950000000000005 40.390000000000008
decision_type=2 2 2 2 2 2 2 2 2 2 2 2 2 2
left_child=1 3 -2 -1 5 6 -3 9 -9 -8 12 -6 13 -7
right_child=2 4 -4 -5 11 10 7 8 -10 -11 -12 -13 -14 -15
leaf_value=0.018759743429059471 -0.04684791792742006 -0.010422741508926353 -0.016888453200792786 -0.01108719368346745 0.013588477457237317 0.031847759831333568 0.066691019063928866 0.026446343032854043 -0.018466215568901038 0.019598119297982473 -0.016056437549059357 -0.021379487123473505 0.0050903594544371182 0.069664707860182695
leaf_weight=40.958571791648865 53.602274656295776 36.913909569382668 230.04994285106659 166.26257952302694 50.533550038933754 139.54966884851456 15.793390423059462 32.925382047891617 29.160984665155411 32.13455456495285 9.2343765497207624 21.700998440384865 21.453103393316269 15.682798981666563
leaf_count=218 492 206 1695 1148 277 714 88 182 159 180 46 116 108 77
internal_value=-0.000134215 0.01025 -0.0225499 -0.00518776 0.0181472 0.0214163 0.0110978 0.0183187 0.00535162 0.0351163 0.0295709 0.00308326 0.0319556 0.0356683
internal_weight=895.956 612.304 283.652 207.221 405.083 332.848 146.928 110.014 62.0864 47.9279 185.92 72.2345 176.686 155.232
internal_count=5706 3519 2187 1366 2153 1760 815 609 341 268 945 393 899 791
is_linear=0
shrinkage=0.05


Tree=13
num_leaves=15
num_cat=0
split_feature=0 8 8 0 1 1 3 1 9 4 0 3 2 4
split_gain=76.9707 28.8932 18.8449 8.45143 8.11168 8.05085 8.86828 9.92668 9.19363 7.95089 7.80995 7.47413 8.39242 8.74576
threshold=3.5000000000000004 35.465000000000011 18.970000000000002 1.5000000000000002 2.6450000000000005 7.1350000000000007 31.890000000000004 4.5050000000000008 51.785000000000004 48.335000000000008 4.5000000000000009 42.635000000000012 4.5750000000000011 31.935000000000006
decision_type=2 2 2 2 2 2 2 2 2 2 2 2 2 2
left_child=2 4 -1 11 -2 6 7 -5 -9 -8 -3 12 13 -4
right_child=1 10 3 5 -6 -7 9 8 -10 -11 -12 -13 -14 -15
leaf_value=-0.012074480427827841 -0.053334784801546999 0.0090598939690476766 -0.042045117588305363 -0.035237417833514001 -0.024362122545955309 0.041670256733796027 0.01757526702144328 0.014088046649491467 -0.024665315551564176 0.076769173853336148 -0.0099997368604592407 0.078195852785561626 0.037570474093075762 0.0254654731587192
leaf_weight=58.807153671979904 27.718529164791107 88.812321037054062 7.6834460943937328 15.684210896492003 188.1130495518446 24.99401681125164 157.18664586544037 88.19578093290329 18.517334014177322 5.8852514028549185 136.13288360834122 8.0344221740961057 55.529056593775749 12.771060347557066
leaf_count=388 260 498 40 108 1484 119 845 475 97 31 985 39 271 66
internal_value=-0.000136716 -0.0150141 0.01433 0.0182662 -0.028083 0.0144591 0.0120766 0.00190445 0.00736339 0.0197116 -0.00247466 0.0323345 0.0274852 0.000106074
internal_weight=894.065 440.777 453.288 394.481 215.832 310.463 285.469 122.397 106.713 163.072 224.945 84.018 75.9836 20.4545
internal_count=5706 3227 2479 2091 1744 1675 1556 680 572 876 1483 416 377 106
is_linear=0
shrinkage=0.05


Tree=14
num_leaves=15
num_cat=0
split_feature=0 1 1 8 0 1 2 0 5 4 12 4 5 6
split_gain=69.9882 24.1928 14.7977 9.10772 10.122 7.8095 6.54678 6.23282 9.87145 10.3381 7.28617 7.28364 6.57991 9.44602
threshold=4.5000000000000009 4.4650000000000007 4.1950000000000012 46.965000000000011 3.5000000000000004 2.2300000000000004 5.9350000000000014 1.5000000000000002 0.18500000000000003 41.710000000000008 6.8150000000000004 34.445000000000007 0.19500000000000003 0.115
decision_type=2 2 2 2 2 2 2 2 2 2 2 2 2 2
left_child=1 5 -2 4 -3 -1 -4 10 -9 12 11 -7 13 -10
right_child=2 3 6 -5 -6 7 -8 8 9 -11 -12 -13 -14 -15
leaf_value=-0.058588450712992804 -0.04561362958879038 0.015111580578328102 -0.02289451337824612 0.025612868921909851 -0.004426308456046228 0.0076570756356537928 -0.0056200692080676865 -0.025653395179775336 -0.029318723615117594 0.098671872395214424 -0.012415918035137932 0.079856397839873416 -0.01797889552635789 0.054854501481556496
leaf_weight=7.7001467123627654 50.314382195472717 263.98460933566093 130.2220982760191 131.76723988354206 88.519012302160263 7.9885605871677416 94.759127512574196 58.321734465658665 5.1222687512636176 2.8413486853241912 13.16172833740711 6.2076255679130554 21.51633208990097 9.5419666320085508
leaf_count=63 492 1395 1010 637 565 43 685 425 41 21 74 30 158 67
internal_value=-0.000138628 0.00921931 -0.0211008 0.0143976 0.0102053 -0.00972083 -0.0156187 -0.00670332 -0.0126294 0.00683623 0.0143824 0.039228 -0.000375849 0.0254525
internal_weight=891.968 616.673 275.296 484.271 352.504 132.402 224.981 124.702 97.3437 39.0219 27.3579 14.1962 36.1806 14.6642
internal_count=5706 3519 2187 2597 1960 922 1695 859 712 287 147 73 266 108
is_linear=0
shrinkage=0.05


Tree=15
num_leaves=15
num_cat=0
split_feature=0 1 1 0 12 1 5 1 9 12 12 9 3 7
split_gain=63.8041 21.8414 14.2812 9.22929 7.00128 9.00508 7.92354 8.41568 11.2878 8.41684 7.48407 7.4796 7.2478 7.17957
threshold=4.5000000000000009 4.8650000000000011 4.1950000000000012 1.5000000000000002 6.9150000000000009 5.9150000000000009 0.15500000000000003 5.3250000000000011 29.220000000000002 6.6750000000000007 6.705000000000001 10.265000000000002 46.940000000000005 3.5000000000000004
decision_type=2 2 2 2 2 2 2 2 2 2 2 2 2 2
left_child=1 3 -2 -1 5 6 -3 9 10 -8 -9 -11 -7 -6
right_child=2 4 -4 -5 13 12 7 8 -10 11 -12 -13 -14 -15
leaf_value=0.016382490157988677 -0.044929479666671275 -0.010893748719906013 -0.015004737613643421 -0.0099894707527902922 0.018278117832726003 0.02774871914746101 -0.021445381107625668 0.089415621671836476 -0.012589501055796953 -0.026591674894026175 0.017469085660337554 0.045998700947216961 -0.017400347204517285 -0.013104065756879071
leaf_weight=41.639234900474548 48.570924133062363 37.058824151754379 222.56049646437168 163.22537530213594 33.734801754355431 181.75727321207523 6.5670457184314719 4.4676243215799358 39.632298663258553 3.9059579223394385 18.930616125464439 38.789782807230949 9.345987990498541 39.641402900218964
leaf_count=218 492 206 1695 1148 187 899 36 24 215 23 102 209 46 206
internal_value=-0.000140431 0.00872281 -0.0203655 -0.0046293 0.0153327 0.0183519 0.00915351 0.0157695 0.00366846 0.0312524 0.0312064 0.0393579 0.0255407 0.00132393
internal_weight=889.828 618.696 271.131 204.865 413.832 340.455 149.352 112.293 63.0305 49.2628 23.3982 42.6957 191.103 73.3762
internal_count=5706 3519 2187 1366 2153 1760 815 609 341 268 126 232 945 393
is_linear=0
shrinkage=0.05


Tree=16
num_leaves=15
num_cat=0
split_feature=0 8 8 1 3 0 2 1 3 4 4 9 1 3
split_gain=58.8729 24.4126 14.8983 7.74168 7.08027 6.9796 7.01263 7.04055 8.39189 6.92677 7.75818 10.0422 6.64233 6.49952
threshold=3.5000000000000004 35.465000000000011 18.970000000000002 2.6450000000000005 30.495000000000001 1.5000000000000002 2.5700000000000007 7.1350000000000007 31.740000000000006 48.995000000000012 30.810000000000006 37.885000000000012 4.5050000000000008 27.635000000000002
decision_type=2 2 2 2 2 2 2 2 2 2 2 2 2 2
left_child=2 3 -1 -2 -5 -4 -7 8 12 10 11 -10 -8 -9
right_child=1 -3 5 4 -6 6 7 13 9 -11 -12 -13 -14 -15
leaf_value=-0.011397768209953913 -0.052057598273762939 -0.0020412473124967324 0.028305846680983984 -0.034355482276442605 -0.014152140915627977 0.043329980900476101 -0.0348409083201425 0.090177121909088123 0.013835478573506832 0.07686738313807466 0.0055519783957881114 0.059535479774373123 0.00220594021785553 0.023919055028162037
leaf_weight=58.063179045915604 24.935683518648148 222.98896646499634 86.214593693614006 72.859182357788086 107.12646697461605 17.16680745780468 13.77953167259693 4.492335349321368 36.268209040164948 4.4679020494222632 101.30430111289024 17.980318054556847 99.221615418791771 21.017075225710869
leaf_count=388 260 1483 416 603 881 94 98 20 189 23 542 88 523 98
internal_value=-0.000141116 -0.0134899 0.0122771 -0.0259479 -0.0223306 0.0156973 0.012254 0.010467 0.00811992 0.0154863 0.0137233 0.0289824 -0.00231161 0.0355874
internal_weight=887.886 427.91 459.976 204.921 179.986 401.913 315.698 298.531 273.022 160.021 155.553 54.2485 113.001 25.5094
internal_count=5706 3227 2479 1744 1484 2091 1675 1581 1463 842 819 277 621 118
is_linear=0
shrinkage=0.05


Tree=17
num_leaves=15
num_cat=0
split_feature=0 8 1 4 8 0 3 12 2 8 4 12 2 1
split_gain=54.3755 18.2255 13.3428 11.6922 7.62587 8.8789 6.58437 7.33305 6.57391 6.5711 6.21696 8.43999 6.17536 5.74511
threshold=4.5000000000000009 22.705000000000002 4.1950000000000012 38.120000000000012 47.480000000000011 3.5000000000000004 32.025000000000013 6.8550000000000013 3.9900000000000007 13.820000000000002 30.945000000000004 6.6850000000000014 5.9350000000000014 6.3550000000000013
decision_type=2 2 2 2 2 2 2 2 2 2 2 2 2 2
left_child=1 3 -2 -1 5 -3 8 -8 -5 -4 -6 -12 -11 -7
right_child=2 4 9 6 10 13 7 -9 -10 12 11 -13 -14 -15
leaf_value=-0.017814005444298401 -0.043729347000382564 0.012867475075330979 0.35384430701649089 -0.059771119372257778 0.040016142789016343 -0.00019634215219409753 0.023328688040670016 0.10889998078910704 0.039464279896073096 -0.02145423809037704 0.063972944859667688 0.010532546313222233 -0.0044602751090660015 -0.037920697875143676
leaf_weight=92.581672750413418 45.63218479603529 288.53651922941208 0.12133795768022437 3.8747281357646015 36.735391676425934 83.600229293107986 11.042000398039816 3.2377298697829238 2.931571751832962 125.39498919993639 8.14662057161331 79.36844077706337 93.183885358273983 11.478059917688368
leaf_count=663 492 1508 1 29 166 545 76 23 20 1009 36 385 685 68
internal_value=-0.000141321 0.00793718 -0.0191366 -0.0101609 0.0119878 0.00850089 0.0234411 0.0427308 -0.017029 -0.0140052 0.0227534 0.0155072 -0.0142094 -0.00475051
internal_weight=885.865 621.533 264.332 113.668 507.865 383.615 21.086 14.2797 6.8063 218.7 124.25 87.5151 218.579 95.0783
internal_count=5706 3519 2187 811 2708 2121 148 99 49 1695 587 421 1694 613
is_linear=0
shrinkage=0.05


Tree=18
num_leaves=15
num_cat=0
split_feature=0 1 1 0 3 3 2 3 12 10 1 8 3 4
split_gain=49.5588 16.9997 12.8434 10.7464 7.68975 7.77182 7.31304 6.99719 8.62771 6.23478 8.95148 8.6108 7.2548 5.94684
threshold=4.5000000000000009 5.5650000000000004 4.1950000000000012 3.5000000000000004 30.255000000000006 37.135000000000012 2.1350000000000002 26.110000000000003 6.785000000000001 1.0000000180025095e-35 4.8550000000000013 27.860000000000003 44.540000000000006 45.705000000000005
decision_type=2 2 2 2 2 2 2 2 2 2 2 2 2 2
left_child=1 3 -2 7 -5 6 -6 -1 -9 10 12 -12 -10 -3
right_child=2 13 -4 4 5 -7 -8 8 9 -11 11 -13 -14 -15
leaf_value=-0.012816949568133671 -0.043054704013711566 0.014805463440916381 -0.013442979024252852 -0.037683180133765301 -0.057568023244439007 -0.029466119003555447 0.022203426984178053 0.021945008885508425 -0.010571362712325116 -0.021719654386732748 0.08491366023639188 0.015699156115401066 0.053969535675552176 0.055250387695156472
leaf_weight=47.179287999868393 44.069693222641945 291.3188514560461 216.55407007038593 28.28585559129715 3.2673980295658138 18.507745087146759 23.804630555212498 75.463371530175209 57.321024253964424 25.12346950173378 5.1857710331678382 33.663276866078377 4.7119910567998877 9.3813052326440793
leaf_count=284 492 1458 1695 224 29 144 177 419 367 146 26 170 30 45
internal_value=-0.000141504 0.00751503 -0.0184501 -0.000458766 -0.0172043 -0.00449552 0.0125756 0.00451581 0.00857473 0.000567415 0.00611774 0.0249383 -0.00566887 0.0160673
internal_weight=883.838 623.214 260.624 322.514 73.8656 45.5798 27.072 248.648 201.469 126.006 100.882 38.849 62.033 300.7
internal_count=5706 3519 2187 2016 574 350 206 1442 1158 739 593 196 397 1503
is_linear=0
shrinkage=0.05


Tree=19
num_leaves=15
num_cat=0
split_feature=0 1 1 0 3 3 2 8 3 12 3 0 12 1
split_gain=45.1446 15.1967 12.354 9.80422 7.23868 7.12062 6.73034 6.37903 7.11267 7.12179 7.10343 7.0255 5.7594 16.9434
threshold=4.5000000000000009 5.5650000000000004 4.1950000000000012 3.5000000000000004 30.255000000000006 37.135000000000012 2.1350000000000002 18.970000000000002 26.110000000000003 6.7950000000000008 27.545000000000005 1.5000000000000002 6.9150000000000009 5.7600000000000007
decision_type=2 2 2 2 2 2 2 2 2 2 2 2 2 2
left_child=1 3 -2 7 -5 6 -6 -1 11 -10 -11 -9 -3 -14
right_child=2 12 -4 4 5 -7 -8 8 9 10 -12 -13 13 -15
leaf_value=-0.010382510526687568 -0.042381673295784156 0.018474795369855454 -0.012894579620191225 -0.036786077303245741 -0.057146406841296328 -0.028586837161742575 0.020772439698312731 0.025704907837387631 0.02547115299127713 0.064387187746369201 0.00059222853698432526 -0.024622214301379061 0.096035525638367217 -0.0070048199364061096
leaf_weight=57.174060091376305 42.569318078458309 245.86933919787407 214.52861801534891 27.545871935784817 3.1303942427039173 18.132836937904358 24.162716679275036 9.3967598229646665 67.639105528593063 4.6032516062259665 83.779935777187347 26.463718742132187 4.3173464834690085 52.549189999699593
leaf_count=388 492 1207 1695 224 29 144 177 47 360 26 462 159 24 272
internal_value=-0.000141695 0.00711542 -0.0177769 -0.000445447 -0.0165631 -0.00430002 0.0118355 0.0042769 0.00864487 0.01326 0.00391485 -0.0114347 0.0151581 0.000818074
internal_weight=881.862 624.765 257.098 322.029 72.9718 45.4259 27.2931 249.057 191.883 156.022 88.3832 35.8605 302.736 56.8665
internal_count=5706 3519 2187 2016 574 350 206 1442 1054 848 488 206 1503 296
is_linear=0
shrinkage=0.05


Tree=20
num_leaves=15
num_cat=0
split_feature=0 1 1 1 0 4 4 8 7 3 1 1 2 1
split_gain=41.116 13.6984 11.8707 7.03451 6.87405 7.30406 9.70934 7.98694 10.8808 8.55719 9.60481 8.68567 7.59656 8.79102
threshold=4.5000000000000009 4.4650000000000007 4.1950000000000012 2.2300000000000004 1.5000000000000002 31.620000000000001 32.980000000000011 47.480000000000011 3.5000000000000004 26.110000000000003 5.1550000000000011 5.6450000000000005 6.6550000000000011 5.9150000000000009
decision_type=2 2 2 2 2 2 2 2 2 2 2 2 2 2
left_child=1 3 -2 -1 -3 7 -7 9 -9 11 -11 -6 13 -12
right_child=2 4 -4 -5 5 6 -8 8 -10 10 12 -13 -14 -15
leaf_value=-0.057412974935298226 -0.041709422348230871 0.024233301777805506 -0.012364235570844109 -0.0050792988687407047 -0.044148812530213563 -0.020633075882885217 0.0067527124944430864 0.085686482159930036 0.021909546780242133 0.039908509156206265 -0.0026933216515066579 0.014388991148657538 -0.033608416727400219 0.036172114570850712
leaf_weight=6.780322737991809 41.129391171038151 76.906681478023529 212.59443820267916 121.20851086080074 13.124239578843119 38.012986078858376 217.83955834060907 8.5816194117069227 30.302046626806259 30.735986173152924 35.694742038846016 12.252895042300223 10.150111719965933 24.561047986149788
leaf_count=63 492 358 1695 859 83 211 1160 38 135 177 194 65 53 123
internal_value=-0.000141715 0.00673857 -0.0171212 -0.00785172 0.0104871 0.00797756 0.0026839 0.016166 0.0359851 0.010075 0.0165884 -0.0158849 0.00640796 0.0131487
internal_weight=879.875 626.151 253.724 127.989 498.162 421.255 255.853 165.403 38.8837 126.519 101.142 25.3771 70.4059 60.2558
internal_count=5706 3519 2187 922 2597 2239 1371 868 173 695 547 148 370 317
is_linear=0
shrinkage=0.05


Tree=21
num_leaves=15
num_cat=0
split_feature=0 1 8 1 3 12 7 2 2 4 1 3 3 4
split_gain=37.8865 18.7671 9.45593 7.66683 7.02977 6.05932 11.4237 6.70744 5.69719 5.9847 5.65082 5.62165 7.46386 7.32648
threshold=3.5000000000000004 5.6950000000000012 18.970000000000002 2.6450000000000005 30.495000000000001 6.9050000000000011 3.5000000000000004 7.705000000000001 5.035000000000001 44.880000000000003 7.205000000000001 31.890000000000004 30.175000000000004 42.955000000000005
decision_type=2 2 2 2 2 2 2 2 2 2 2 2 2 2
left_child=2 3 8 -2 -5 11 -7 -8 9 -1 -4 12 -3 -13
right_child=1 5 10 4 -6 6 7 -9 -10 -11 -12 13 -14 -15
leaf_value=-0.0201306770455182 -0.050153038517042781 0.0029860173556410202 0.010674493234421078 -0.030009585364535275 -0.010568334795794698 0.026793618081709547 -0.03837851478849507 0.027040584752478614 0.032018576125399524 0.052103446617091903 0.034630852998292522 0.0094733451831826021 -0.038483919361052228 0.071620364010596918
leaf_weight=46.297106146812439 20.976754531264305 45.934122875332832 385.54002539813519 77.408464044332504 116.44281303137541 11.845428384840487 30.582639649510384 4.4939683228731147 7.1776538267731658 3.0567860305309287 26.29436968266964 82.628082059323788 14.205727681517599 5.0311217159032813
leaf_count=323 260 300 1974 683 994 80 212 30 45 20 117 544 93 31
internal_value=-0.000140977 -0.0112487 0.00957187 -0.0214388 -0.0183316 -6.42843e-06 -0.0156603 -0.0299971 -0.00960357 -0.0156568 0.012204 0.00496325 -0.00680966 0.0130402
internal_weight=877.915 409.549 468.366 214.828 193.851 194.721 46.922 35.0766 56.5315 49.3539 411.834 147.799 60.1399 87.6592
internal_count=5706 3227 2479 1937 1677 1290 322 242 388 343 2091 968 393 575
is_linear=0
shrinkage=0.05


Tree=22
num_leaves=15
num_cat=0
split_feature=0 1 1 1 3 2 5 4 9 9 8 15 0 9
split_gain=34.934 11.7637 11.0313 8.15954 7.25037 7.59408 8.23194 11.2583 8.35935 5.57646 5.98662 10.0763 5.36547 7.10037
threshold=4.5000000000000009 5.5650000000000004 4.1950000000000012 2.2300000000000004 26.110000000000003 5.2750000000000012 0.14500000000000005 28.150000000000002 41.105000000000011 46.455000000000005 55.375000000000007 1.5000000000000002 1.5000000000000002 31.070000000000004
decision_type=2 2 2 2 2 2 2 2 2 2 2 2 2 2
left_child=1 3 -2 -1 -5 12 -7 8 -8 10 -4 -12 -6 -14
right_child=2 -3 9 4 5 6 7 -9 -10 -11 11 -13 13 -15
leaf_value=-0.056825359655491792 -0.040534819772786376 0.013136426691605349 -0.018623490938379061 -0.015156400944040124 0.016177708320633071 0.086695802509772171 0.10378120527759954 0.0044527691385428383 0.014299730656705046 0.0018460109010080376 0.091643602613609654 -0.030155601545155009 -0.0010736282729354833 -0.034978855654588477
leaf_weight=6.3154037967324248 38.737237058579922 306.84555107355118 145.56203070282936 59.419052727520466 37.483131363987923 4.2053148597478858 5.5209970474243146 49.894985198974609 4.9502463787794113 57.039269603788853 3.3221940994262686 3.473367765545845 135.93519559502602 17.420289173722267
leaf_count=63 492 1503 1216 395 189 24 30 276 28 426 26 27 901 110
internal_value=-0.000140444 0.00613548 -0.0160239 -0.000553743 0.000575053 0.00423484 0.0190566 0.0143447 0.0614791 -0.0114895 -0.016482 0.0293892 -0.000780212 -0.00492506
internal_weight=876.124 627.99 248.134 321.145 314.829 255.41 64.5715 60.3662 10.4712 209.397 152.358 6.79556 190.839 153.355
internal_count=5706 3519 2187 2016 1953 1558 358 334 58 1695 1269 53 1200 1011
is_linear=0
shrinkage=0.05


Tree=23
num_leaves=15
num_cat=0
split_feature=0 8 8 1 2 3 12 9 2 0 4 4 15 0
split_gain=31.9722 16.3865 8.17701 6.78667 6.28077 5.57384 5.48265 9.37636 5.52843 6.42759 6.95915 6.52139 8.58494 5.13179
threshold=3.5000000000000004 35.465000000000011 18.970000000000002 2.2300000000000004 3.4200000000000004 30.495000000000001 6.9050000000000011 62.285000000000004 5.9050000000000011 4.5000000000000009 35.425000000000004 33.250000000000007 1.5000000000000002 1.5000000000000002
decision_type=2 2 2 2 2 2 2 2 2 2 2 2 2 2
left_child=2 3 -1 -2 -3 -5 8 -8 9 10 11 12 -6 -4
right_child=1 4 13 5 6 -7 7 -9 -10 -11 -12 -13 -14 -15
leaf_value=-0.0092090964185201438 -0.051479439699604626 0.033967522916877109 0.021709062667477796 -0.029754951586342455 0.061782692606542233 -0.011050223883141627 -0.024235804062878757 0.052421959155675636 0.0086870657657467359 -0.026870895603004166 -0.027798814786984528 0.079668922750486065 -0.017895611813361099 0.0082070674447114692
leaf_weight=56.099402114748955 17.093492113053799 11.976284079253672 89.815254777669907 65.612415343523026 5.0558775514364305 101.35040342062712 46.11285026371479 4.366725727915763 97.257175579667091 30.162671498954296 10.033395349979399 4.0802191942930213 10.202651575207708 325.11902607232332
leaf_count=388 231 84 416 616 28 897 325 29 638 246 55 22 56 1675
internal_value=-0.000139876 -0.0104729 0.00870735 -0.0214728 -0.00123855 -0.0184007 -0.00327278 -0.0176045 0.00134136 -0.0106587 0.0059898 0.0235201 0.00850561 0.0111297
internal_weight=874.338 403.304 471.034 184.056 219.248 166.963 207.272 50.4796 156.792 59.5348 29.3721 19.3387 15.2585 414.934
internal_count=5706 3227 2479 1744 1483 1513 1399 354 1045 407 161 106 84 2091
is_linear=0
shrinkage=0.05


Tree=24
num_leaves=15
num_cat=0
split_feature=0 1 1 1 3 2 5 4 9 1 4 3 3 3
split_gain=29.4238 10.2567 9.90582 7.43425 6.49008 6.61169 7.07347 9.82215 9.22889 5.00436 4.98737 8.3468 4.97777 9.63895
threshold=4.5000000000000009 4.1950000000000012 5.5650000000000004 2.2300000000000004 26.110000000000003 5.2750000000000012 0.14500000000000005 29.215000000000003 32.685000000000009 7.5050000000000008 45.705000000000005 33.260000000000005 25.905000000000005 22.750000000000004
decision_type=2 2 2 2 2 2 2 2 2 2 2 2 2 2
left_child=2 -2 3 -1 -5 -6 -7 8 -8 -3 12 -12 13 -4
right_child=1 9 10 4 5 6 7 -9 -10 -11 11 -13 -14 -15
leaf_value=-0.05630026555649377 -0.039356242800034441 -0.012089060532771999 0.0064172976922944082 -0.014542759236520882 -0.0008210329186813586 0.07899671874310342 0.11864928360179072 0.0025730120050817509 0.025493571127224536 0.030292918891132808 -0.0041627158397812107 0.088720054092905412 0.0081308115457323447 0.053983761050610812
leaf_weight=5.8807056546211234 36.513989113271236 198.94502931088209 25.370924055576324 58.771796710789204 190.57826699316502 4.3790407329797736 3.66901971399784 47.555173106491566 9.6552847772836667 7.2177767679095259 4.3842675983905774 5.3952033072710037 255.89797165989876 18.356201142072678
leaf_count=63 492 1642 124 395 1200 24 18 263 53 53 21 24 1244 90
internal_value=-0.000138832 -0.0149312 0.00556018 -0.000600632 0.000440512 0.00388253 0.0176186 0.0132037 0.0511452 -0.0106053 0.0119417 0.0470795 0.0107948 0.0263852
internal_weight=872.571 242.677 629.894 320.489 314.609 255.837 65.2585 60.8795 13.3243 206.163 309.405 9.77947 299.625 43.7271
internal_count=5706 2187 3519 2016 1953 1558 358 334 71 1695 1503 45 1458 214
is_linear=0
shrinkage=0.05


Tree=25
num_leaves=15
num_cat=0
split_feature=0 8 8 1 2 3 3 3 8 1 9 9 3 4
split_gain=27.0715 14.4129 6.9393 6.46656 5.60448 5.25293 5.12914 5.92694 6.41424 6.95189 6.60511 11.0575 5.12203 7.89428
threshold=3.5000000000000004 35.465000000000011 18.970000000000002 2.2300000000000004 3.4200000000000004 30.495000000000001 31.890000000000004 32.270000000000003 36.465000000000011 5.5550000000000006 60.845000000000006 68.300000000000026 38.480000000000011 18.810000000000006
decision_type=2 2 2 2 2 2 2 2 2 2 2 2 2 2
left_child=2 3 -1 -2 -3 -5 -6 -8 9 -9 -10 -12 13 -7
right_child=1 4 -4 5 6 12 7 8 10 -11 11 -13 -14 -15
leaf_value=-0.0086504852492300718 -0.050836317313870998 0.031797151465859826 0.010150355664193084 -0.028563602903139963 -0.012332226961842677 0.087554984428488067 0.056822587848694352 -0.0048127013251613535 -0.0054599989648663532 0.10517687445131028 0.072949829610548203 -0.035177785668356491 -0.025309233450382218 -0.0051448393600007688
leaf_weight=55.613478869199753 15.784016869962214 12.194408610463141 417.74339960515499 63.484114147722721 86.860905677080154 2.3856672346591941 5.0178504213690749 2.746128410100936 98.153296157717705 3.0126568228006363 6.9559717029333097 3.5819755792617798 35.79017148911953 61.549184687435627
leaf_count=388 231 84 2091 616 594 19 34 21 660 22 45 23 331 547
internal_value=-0.000137029 -0.00975682 0.00794149 -0.0202764 -0.00114017 -0.017321 -0.00308683 0.00363518 0.00130327 0.0527274 -0.00142133 0.0361959 -0.010164 -0.00168583
internal_weight=870.873 397.516 473.357 178.993 218.523 163.209 206.329 119.468 114.45 5.75879 108.691 10.5379 99.725 63.9349
internal_count=5706 3227 2479 1744 1483 1513 1399 805 771 43 728 68 897 566
is_linear=0
shrinkage=0.05


Tree=26
num_leaves=15
num_cat=0
split_feature=0 1 1 1 3 2 5 4 9 4 2 0 8 9
split_gain=25.0937 9.41309 8.43917 6.79022 5.7884 5.73788 6.12615 8.6675 6.35796 4.93712 11.0992 5.15151 4.94409 4.89999
threshold=4.5000000000000009 4.1950000000000012 5.5650000000000004 2.2300000000000004 26.110000000000003 5.2750000000000012 0.14500000000000005 28.150000000000002 41.105000000000011 35.280000000000008 4.3150000000000004 1.5000000000000002 26.475000000000005 32.685000000000009
decision_type=2 2 2 2 2 2 2 2 2 2 2 2 2 2
left_child=2 -2 3 -1 9 13 -7 8 -8 11 -11 -5 -12 -6
right_child=1 -3 -4 4 5 6 7 -9 -10 10 12 -13 -14 -15
leaf_value=-0.055830363333955912 -0.038153662574423187 -0.0098828510520863663 0.010937514492586269 0.010829122552700618 0.0015046021563760439 0.072374370224493098 0.087280515246300816 0.0033347530683195941 0.011169737055925284 -0.041648794442853923 0.071931595079860716 -0.034157043079532122 0.0084258933497545294 -0.028355297670972619
leaf_weight=5.4747019857168189 34.422225125133991 203.58791159838438 311.48755189776421 8.0909982919692975 175.49388414621353 4.5334310829639426 5.9614500775933248 50.300631709396839 5.0838087648153305 7.6127267405390766 5.2406045496463758 29.810913912951946 7.3817624375224113 14.906081378459929
leaf_count=63 492 1695 1503 42 1108 24 30 276 28 55 38 217 43 92
internal_value=-0.000136096 -0.0139715 0.00507943 -0.000624766 0.000336489 0.00356771 0.0162866 0.0121417 0.052249 -0.0139074 0.00603417 -0.0245538 0.0347924 -0.000833077
internal_weight=869.389 238.01 631.379 319.891 314.416 256.279 65.8793 61.3459 11.0453 58.137 20.2351 37.9019 12.6224 190.4
internal_count=5706 2187 3519 2016 1953 1558 358 334 58 395 136 259 81 1200
is_linear=0
shrinkage=0.05


Tree=27
num_leaves=15
num_cat=0
split_feature=0 9 1 0 8 8 3 2 4 2 3 5 4 8
split_gain=23.3482 12.2181 10.9737 8.5525 9.00777 10.0974 7.28355 7.55278 8.03534 6.67842 6.58386 6.24313 8.1776 6.3092
threshold=5.5000000000000009 25.160000000000004 2.5000000000000004 1.5000000000000002 36.310000000000009 36.465000000000011 42.635000000000012 4.5750000000000011 31.935000000000006 4.1150000000000011 30.935000000000006 0.18500000000000003 41.710000000000008 23.760000000000002
decision_type=2 2 2 2 2 2 2 2 2 2 2 2 2 2
left_child=2 -2 -1 6 10 -6 7 8 -4 -7 -5 13 -13 -12
right_child=1 -3 3 4 5 9 -8 -9 -10 -11 11 12 -14 -15
leaf_value=-0.04597666284392378 -0.042148419764144254 -0.0087492510860659213 -0.037207611954327799 -0.01399070251425321 0.092740410252499114 0.030453709050362446 0.058754505224925715 0.022707172802150302 0.013500090387146339 0.0043196914559612432 -0.021424063755340655 0.010142656809712759 0.088078801716265351 0.002671142226622486
leaf_weight=11.202161140739916 42.605968378484249 76.635316774249077 13.023187965154646 115.5247488617897 3.4240407869219771 26.595169708132744 9.4930045604705793 65.138286381959915 19.52667672932148 302.45551634579897 39.645482711493969 52.564125917851925 3.5960597544908515 86.319801554083824
leaf_count=151 472 639 70 892 19 146 42 295 98 1632 320 378 23 529
internal_value=-0.00013438 -0.0206831 0.00313913 0.00388537 0.00166442 0.00732081 0.0169425 0.0128793 -0.00678804 0.00643195 -0.00465375 0.0012688 0.0151331 -0.00491242
internal_weight=867.75 119.241 748.508 737.306 630.125 332.475 107.181 97.6882 32.5499 329.051 297.65 182.125 56.1602 125.965
internal_count=5706 1111 4595 4444 3939 1797 505 463 168 1778 2142 1250 401 849
is_linear=0
shrinkage=0.05


Tree=28
num_leaves=15
num_cat=0
split_feature=0 1 1 8 3 12 7 2 8 9 4 2 3 3
split_gain=21.459 11.9983 6.34554 5.52688 5.28213 4.83234 10.599 5.85076 4.7529 5.50155 4.66634 5.37715 4.64904 4.64547
threshold=3.5000000000000004 5.6950000000000012 2.2300000000000004 18.970000000000002 30.495000000000001 6.9050000000000011 3.5000000000000004 7.705000000000001 57.20000000000001 59.030000000000008 33.980000000000011 1.1850000000000003 36.165000000000006 31.890000000000004
decision_type=2 2 2 2 2 2 2 2 2 2 2 2 2 2
left_child=3 2 -2 10 -4 13 -7 -8 -5 12 11 -1 -10 -3
right_child=1 5 4 8 -6 6 7 -9 9 -11 -12 -13 -14 -15
leaf_value=0.034545461628988743 -0.049925664950336061 -0.0064038279379856986 -0.025740024231955511 0.0079192315206221778 -0.008278891860565506 0.026506524140275035 -0.036725132925215356 0.023798080147039755 0.091861175186734909 -0.0050198762153424413 0.0077461195928007695 -0.029630326933053772 0.022916144281461274 0.011668095886953512
leaf_weight=3.7387307733297375 14.03213959187269 59.474239818751812 70.640501156449318 405.96273835003376 111.95281251519918 11.843211226165293 29.212021484971046 4.6253347247838965 5.0760676115751249 5.1909584850072852 25.468900606036186 25.705209858715534 4.7174797356128693 88.436455190181732
leaf_count=29 231 393 696 2028 1010 80 212 30 21 22 173 186 20 575
internal_value=-0.000133304 -0.00882457 -0.0175242 0.00699374 -0.0150341 1.13813e-05 -0.0142034 -0.028452 0.00893997 0.0365939 -0.00792551 -0.0214814 0.0586509 0.00440145
internal_weight=866.077 390.217 196.625 475.86 182.593 193.591 45.6806 33.8374 420.947 14.9845 54.9128 29.4439 9.79355 147.911
internal_count=5706 3227 1937 2479 1706 1290 322 242 2091 63 388 215 41 968
is_linear=0
shrinkage=0.05


Tree=29
num_leaves=15
num_cat=0
split_feature=0 9 1 0 8 8 3 2 4 4 5 12 4 3
split_gain=20.4797 11.5378 9.71669 7.41021 7.5925 8.63498 6.35518 6.62848 7.20418 6.08933 6.28822 10.349 9.54813 8.15407
threshold=5.5000000000000009 25.160000000000004 2.5000000000000004 1.5000000000000002 36.310000000000009 36.465000000000011 42.635000000000012 4.5750000000000011 31.935000000000006 48.610000000000007 0.18500000000000003 6.785000000000001 41.710000000000008 36.105000000000011
decision_type=2 2 2 2 2 2 2 2 2 2 2 2 2 2
left_child=2 -2 -1 6 9 -6 7 8 -4 10 11 -5 13 -12
right_child=1 -3 3 4 5 -7 -8 -9 -10 -11 12 -13 -14 -15
leaf_value=-0.0449903431593476 -0.041144032648522309 -0.0081186243036410078 -0.035900575804570505 0.0035303805758309216 0.083903650039026292 0.0058390032625112304 0.054375206942565237 0.021010921271218275 0.012348955448398039 0.028814678542993973 -0.0078984436004503455 -0.020059400733501206 0.094526488426568467 0.026131632632108204
leaf_weight=10.441585831344126 40.611219111829996 75.823620244860649 12.744982600212095 76.226626556366682 3.5807521864771834 330.39187562465668 9.666796073317526 65.736951544880867 19.686211913824081 13.241703271865843 59.183656465262175 119.19534860551357 2.8981014788150778 25.055321432650089
leaf_count=151 472 639 70 536 19 1778 42 295 98 84 450 864 22 186
internal_value=-0.000131158 -0.0196375 0.00290503 0.00358304 0.00150927 0.00667599 0.0156942 0.0118852 -0.0066124 -0.00432419 -0.00587719 -0.0108579 0.0052931 0.00222317
internal_weight=864.485 116.435 748.05 737.608 629.773 333.973 107.835 98.1681 32.4312 295.801 282.559 195.422 87.1371 84.239
internal_count=5706 1111 4595 4444 3939 1797 505 463 168 2142 2058 1400 658 636
is_linear=0
shrinkage=0.05


Tree=30
num_leaves=15
num_cat=0
split_feature=0 9 1 0 8 2 12 9 3 2 4 3 12 7
split_gain=18.7435 11.0231 9.07539 6.64952 6.84789 8.03525 6.69724 7.496 5.61822 5.93326 6.60606 5.54917 5.49931 5.33143
threshold=5.5000000000000009 25.160000000000004 2.5000000000000004 1.5000000000000002 36.310000000000009 3.4200000000000004 6.9150000000000009 68.300000000000026 42.635000000000012 4.5750000000000011 31.935000000000006 30.935000000000006 6.785000000000001 3.5000000000000004
decision_type=2 2 2 2 2 2 2 2 2 2 2 2 2 2
left_child=2 -2 -1 8 11 -6 7 -7 9 10 -4 -5 -10 -8
right_child=1 -3 3 4 5 6 13 -9 12 -11 -12 -13 -14 -15
leaf_value=-0.044426240056328718 -0.04041914363411981 -0.0077590368541276614 -0.034740404123515756 -0.012817378490752387 0.037582707750813876 0.0094658869063991829 0.011663498953635935 -0.046230762917497351 0.085712934359809922 0.019827292698595584 0.011671135786067042 0.001285569351176118 0.01057784051610949 -0.01953890527875447
leaf_weight=10.055288575589655 39.30592230707407 75.382281720638275 12.517935082316397 113.16889807954431 19.367840722203255 244.98288947343826 19.737606860697269 6.1937676966190329 5.264525502920149 66.166751101613045 19.785417050123215 181.80340050533414 4.5317244380712509 44.681605875492096
leaf_count=151 472 639 70 892 103 1293 112 33 22 295 98 1250 20 256
internal_value=-0.000130132 -0.0189523 0.00275481 0.00339748 0.00143015 0.00632222 0.00440379 0.00809246 0.0148441 0.0112516 -0.00631389 -0.00412516 0.0509556 -0.0099787
internal_weight=862.946 114.688 748.258 738.202 629.936 334.964 315.596 251.177 108.266 98.4701 32.3034 294.972 9.79625 64.4192
internal_count=5706 1111 4595 4444 3939 1797 1694 1326 505 463 168 2142 42 368
is_linear=0
shrinkage=0.05


Tree=31
num_leaves=15
num_cat=0
split_feature=0 9 1 0 9 2 1 3 4 12 14 13 12 12
split_gain=17.1508 10.5215 8.47724 6.19653 7.45357 6.96569 8.30745 6.68821 6.22283 5.57631 6.11285 5.55918 7.05324 8.89623
threshold=5.5000000000000009 25.160000000000004 2.5000000000000004 2.5000000000000004 37.660000000000004 1.0000000180025095e-35 4.4850000000000012 31.565000000000001 44.495000000000005 6.8250000000000011 1.5000000000000002 -1.0000000180025095e-35 6.9150000000000009 6.8950000000000005
decision_type=2 2 2 2 2 2 2 2 2 2 2 2 2 2
left_child=2 -2 -1 4 -4 6 -5 11 -6 10 -8 -7 13 -13
right_child=1 -3 3 5 8 7 9 -9 -10 -11 -12 12 -14 -15
leaf_value=-0.043860568654511559 -0.039695463255054006 -0.0074135215029640204 0.0027005603334175504 -0.013249120902559955 0.015792560183566555 0.0041099462691443758 0.070384300618652362 0.0031500247021523826 0.060468723515449123 0.072781500147161948 -0.011506213915377553 -0.013032047895717781 -0.039511529280462421 0.055253040354276396
leaf_weight=9.6851436272263509 38.053385715931654 74.961789093911648 180.79340852051973 10.006861902773382 100.42912372946739 51.191891808062792 3.5462000072002429 249.18718311563134 8.4500890970230085 8.5924827232956869 6.3765266761183739 90.509075097739697 24.485890954732895 5.0350774452090254
leaf_count=151 472 639 957 91 469 370 19 1572 39 54 41 618 180 34
internal_value=-0.000128016 -0.0182832 0.00261399 0.0032234 0.0089247 -0.00045537 0.0234562 -0.00207762 0.0192599 0.0432942 0.0177599 -0.00968564 -0.0155694 -0.00943349
internal_weight=861.304 113.015 748.289 738.604 289.673 448.931 28.5221 420.409 108.879 18.5152 9.92273 171.222 120.03 95.5442
internal_count=5706 1111 4595 4444 1465 2979 205 2774 508 114 60 1202 832 652
is_linear=0
shrinkage=0.05


Tree=32
num_leaves=15
num_cat=0
split_feature=0 1 12 9 8 3 12 1 1 3 12 4 3 4
split_gain=15.7595 9.67499 5.99135 8.3838 6.81544 6.67668 6.81058 5.67714 5.00997 5.29736 6.21157 5.89264 4.84904 4.79676
threshold=3.5000000000000004 5.7750000000000012 6.9050000000000011 62.285000000000004 39.175000000000004 28.620000000000005 6.7650000000000006 2.2300000000000004 7.205000000000001 22.565000000000001 6.8050000000000006 47.915000000000006 30.495000000000001 43.195000000000007
decision_type=2 2 2 2 2 2 2 2 2 2 2 2 2 2
left_child=8 7 4 -4 5 -3 -7 -2 9 -1 11 13 -9 -11
right_child=1 2 3 -5 -6 6 -8 12 -10 10 -12 -13 -14 -15
leaf_value=-0.013710616541279197 -0.048757271530132811 -0.019767392601824755 -0.022933428237662565 0.049368136102890231 0.0020023200563704349 0.11533331686958791 0.028468377749179548 -0.023703250121525441 0.026766232406296088 0.013172583392087487 0.00096852442354919519 0.05521350328918942 -0.0069621095652380866 -0.027450505485981127
leaf_weight=36.088064804673195 12.006613004952667 3.44296970963478 39.610294744372368 4.4610138088464728 128.41726430505514 3.6348389536142331 5.9506440162658691 69.423472177237272 27.183485135436058 162.07346393167973 237.33098482340574 8.0190110355615598 114.74546901136637 7.6078919768333426
leaf_count=209 231 22 289 29 840 24 38 709 117 825 1252 37 1045 39
internal_value=-0.000126511 -0.00770335 0.000482593 -0.0156149 0.0054982 0.039956 0.0614078 -0.0154445 0.00591992 0.00466376 0.00626147 0.0133305 -0.0132728 0.0113512
internal_weight=859.995 381.693 185.517 44.0713 141.446 13.0285 9.58548 196.176 478.303 451.119 415.031 177.7 184.169 169.681
internal_count=5706 3227 1242 318 924 84 62 1985 2479 2362 2153 901 1754 864
is_linear=0
shrinkage=0.05


Tree=33
num_leaves=15
num_cat=0
split_feature=0 9 1 0 1 1 2 8 4 3 9 1 3 4
split_gain=15.0318 9.86997 7.58077 5.46397 6.01477 8.46808 6.1096 7.82023 6.45597 5.58806 10.3156 6.4512 5.58326 6.1903
threshold=5.5000000000000009 25.160000000000004 2.2300000000000004 1.5000000000000002 5.8550000000000013 6.035000000000001 4.1150000000000011 47.480000000000011 30.945000000000004 26.815000000000001 51.785000000000004 6.9750000000000005 31.755000000000006 43.95000000000001
decision_type=2 2 2 2 2 2 2 2 2 2 2 2 2 2
left_child=2 -2 -1 -4 -5 -6 -7 -8 -9 10 11 -10 -11 -14
right_child=1 -3 3 4 5 6 7 8 9 12 -12 -13 13 -15
leaf_value=-0.047121310504083566 -0.038686802517232659 -0.006884505459605738 0.013265594469128542 -0.0032125680910340924 0.027588309289783126 0.035297992344276552 -0.010087039613476463 0.025734070354400559 0.014062301564239233 -0.025345287349430763 -0.034954784257364847 0.0983563661903194 -0.00017391692704627694 0.060179022866024758
leaf_weight=7.6429594829678527 36.325133975595236 74.298328652977943 109.06132663786411 351.20064859464765 41.057011052966118 13.803082577884195 92.934060484170914 39.609038755297661 4.0808419585227949 21.227155454456806 4.0341533049941054 5.1145379543304443 53.592559322714806 4.6145182549953452
leaf_count=133 472 639 505 2484 222 71 509 191 22 114 21 26 276 21
internal_value=-0.000124475 -0.0173273 0.00241979 0.00293124 0.00114582 0.00661119 0.00300775 0.00102866 0.00883848 0.00161647 0.0317033 0.0609473 -0.0033944 0.00461072
internal_weight=858.595 110.623 747.972 740.329 631.268 280.067 239.01 225.207 132.273 92.6638 13.2295 9.19538 79.4342 58.2071
internal_count=5706 1111 4595 4462 3957 1473 1251 1180 671 480 69 48 411 297
is_linear=0
shrinkage=0.05


Tree=34
num_leaves=15
num_cat=0
split_feature=0 9 1 0 1 1 4 2 9 2 4 2 5 12
split_gain=13.7422 9.3971 7.10991 4.90361 5.41626 7.50522 5.57351 5.2783 7.7806 5.99878 6.75889 7.43489 5.23571 7.97415
threshold=5.5000000000000009 25.160000000000004 2.2300000000000004 1.5000000000000002 5.8550000000000013 6.035000000000001 31.935000000000006 3.3050000000000002 36.055000000000007 6.1650000000000009 29.515000000000004 7.1950000000000012 0.18500000000000003 6.785000000000001
decision_type=2 2 2 2 2 2 2 2 2 2 2 2 2 2
left_child=2 -2 -1 -4 12 -6 7 -7 -9 -10 -11 -12 13 -5
right_child=1 -3 3 4 5 6 -8 8 9 10 11 -13 -14 -15
leaf_value=-0.046683033977879519 -0.037962746064240521 -0.0065738668918041551 0.012546977083067849 0.0041612363591070692 0.025867826344612311 0.069705220760457501 -0.0031871577379586563 -0.014997574924739783 0.049277514022963542 -0.0075267321256055706 0.0091892193088677007 0.063878293349461851 0.0067291436910147792 -0.014036754026991652
leaf_weight=7.3367499746382228 35.195940650999546 73.928410641849041 109.52992302179337 99.275433018803596 41.584267377853394 3.8637110143899909 147.02027864009142 23.006786398589611 12.956678621470926 24.956891775131226 17.596939712762836 9.6076890975236875 98.319207929074764 152.92782999947667
leaf_count=133 472 639 505 672 222 20 783 118 65 127 91 47 731 1081
internal_value=-0.000122288 -0.0166977 0.00229593 0.00278111 0.00108625 0.00626332 0.00285241 0.0125051 0.00999726 0.0188281 0.0112646 0.0285034 -0.003058 -0.00687343
internal_weight=857.107 109.124 747.982 740.646 631.116 280.593 239.009 91.9887 88.125 65.1182 52.1615 27.2046 350.522 252.203
internal_count=5706 1111 4595 4462 3957 1473 1251 468 448 330 265 138 2484 1753
is_linear=0
shrinkage=0.05


Tree=35
num_leaves=15
num_cat=0
split_feature=0 1 1 8 12 1 1 8 4 5 1 9 14 4
split_gain=12.6974 6.90716 5.26708 4.76408 5.13829 6.19676 6.071 6.80198 5.61531 7.77167 4.89916 7.82134 4.93706 4.65955
threshold=4.5000000000000009 4.1950000000000012 2.2300000000000004 47.480000000000011 6.8850000000000007 6.3550000000000013 4.6050000000000013 25.335000000000004 22.685000000000006 0.17500000000000002 6.5650000000000004 28.910000000000004 2.5000000000000004 26.445000000000004
decision_type=2 2 2 2 2 2 2 2 2 2 2 2 2 2
left_child=2 -2 -1 4 13 6 -6 -8 -9 -10 11 -5 -13 -4
right_child=1 -3 3 10 5 -7 7 8 9 -11 -12 12 -14 -15
leaf_value=-0.054056444497548629 -0.033670089133105693 -0.0070701147947816057 -0.007963146230041275 -0.017739218025403555 -0.022883135044097634 -0.0379113207375164 0.066675760355837513 0.055577763582501133 0.0065412915464860113 -0.036806519665992445 0.0072285871980966093 0.060516368711811153 0.0091506440104744801 0.0067582383061885638
leaf_weight=3.9527208469808093 27.921179633587599 193.78893609344959 64.432410627603531 6.4569884687662151 27.840784147381783 14.885945603251455 4.1749338805675498 4.3561792671680442 45.809473283588886 13.354275614023207 102.58536054193974 15.31829744577408 6.734714373946189 324.23633415997028
leaf_count=63 492 1695 378 28 211 81 27 23 244 77 462 67 30 1828
internal_value=-0.000120226 -0.01042 0.00348082 0.00384171 0.00161364 -0.0079045 -0.00322897 0.00485417 0.000790861 -0.00324305 0.0123242 0.0306592 0.0448299 0.00431777
internal_weight=855.849 221.71 634.138 630.186 499.09 110.422 95.5356 67.6949 63.5199 59.1637 131.095 28.51 22.053 388.669
internal_count=5706 2187 3519 3456 2869 663 582 371 344 321 587 125 97 2206
is_linear=0
shrinkage=0.05


Tree=36
num_leaves=15
num_cat=0
split_feature=0 9 1 1 9 9 8 15 0 3 2 4 3 4
split_gain=11.8475 8.87526 6.27367 4.47387 4.64287 7.53886 8.33873 4.58422 4.38097 4.65009 4.58584 5.89458 4.77257 4.44968
threshold=5.5000000000000009 25.160000000000004 2.2300000000000004 7.1950000000000012 56.425000000000004 48.750000000000007 58.090000000000011 3.5000000000000004 1.5000000000000002 42.635000000000012 4.5750000000000011 31.935000000000006 29.060000000000006 48.610000000000007
decision_type=2 2 2 2 2 2 2 2 2 2 2 2 2 2
left_child=2 -2 -1 8 5 6 -5 -6 9 10 11 -4 -12 -10
right_child=1 -3 3 4 7 -7 -8 -9 13 -11 12 -13 -14 -15
leaf_value=-0.045799541965398587 -0.036949785014205989 -0.0059207181384619547 -0.034669481351910829 -0.0091122954825071378 -0.016017780070959761 0.065778269374585405 0.062648917586811834 0.043081492367107649 -0.00092717425210844947 0.043831633416646663 0.037640219323604854 0.0090507336632202357 0.0069440700559530166 0.024575582542426769
leaf_weight=6.7720124609768382 33.644488897174597 73.152273878455162 12.488580062985418 13.846031613647943 14.144965514540674 9.6998890638351423 5.7207753881812087 4.2723381519317618 569.75579907745123 9.7270957231521589 17.460927933454514 20.146573573350906 46.079219907522202 17.633222445845604
leaf_count=133 472 639 70 70 69 47 27 22 3634 41 78 98 201 105
internal_value=-0.000117779 -0.0156959 0.00210716 0.00254499 0.0173593 0.029736 0.0118686 -0.00230828 0.00152608 0.0108868 0.00755474 -0.0076798 0.0153794 -0.00016159
internal_weight=854.544 106.797 747.747 740.975 47.684 29.2667 19.5668 18.4173 693.291 105.902 96.1753 32.6352 63.5401 587.389
internal_count=5706 1111 4595 4462 235 144 97 91 4227 488 447 168 279 3739
is_linear=0
shrinkage=0.05


Tree=37
num_leaves=15
num_cat=0
split_feature=0 8 2 5 4 4 2 13 3 3 2 8 3 3
split_gain=11.0476 7.25448 4.70949 6.32282 19.4883 4.7937 6.84328 4.67452 8.47661 11.4796 4.44254 4.81949 3.96491 5.15471
threshold=3.5000000000000004 35.465000000000011 2.7450000000000006 0.20500000000000004 38.955000000000005 18.810000000000006 4.6850000000000014 -1.0000000180025095e-35 30.495000000000001 31.800000000000004 3.4200000000000004 39.610000000000007 31.890000000000004 32.270000000000003
decision_type=2 2 2 2 2 2 2 2 2 2 2 2 2 2
left_child=-1 2 -2 5 -5 6 -4 8 -7 -10 11 -3 -12 -14
right_child=1 10 3 4 -6 7 -8 -9 9 -11 12 -13 13 -15
leaf_value=0.0048986608574544356 -0.032228465143173783 0.082451994914499338 -0.03478564411311641 -0.0082503895079012977 0.15168533512526935 -0.032694236436944545 0.077245209153292693 -0.024234272938542165 0.13598681970990784 0.0054085257927154184 -0.010674369410153576 0.010438040005069571 0.052518964564316921 0.0012959754070519358
leaf_weight=480.295210942626 30.878508545458317 3.1005076915025702 2.32082400843501 9.2656610831618291 2.3975316584110251 14.99074801802635 3.3031843677163124 69.011418309062719 1.8115529716014886 23.74702499806881 84.198885440826416 9.2685456275939924 5.1335218027234069 113.56187476217747
leaf_count=2479 472 22 25 94 26 163 28 698 18 220 594 62 34 771
internal_value=-0.000114949 -0.00657092 -0.0147172 -0.0104544 0.0246266 -0.0140066 0.0310141 -0.0163176 -0.00284412 0.0146637 -0.000602057 0.0284895 -0.00237557 0.00351135
internal_weight=853.285 372.99 157.726 126.848 11.6632 115.185 5.62401 109.561 40.5493 25.5586 215.263 12.3691 202.894 118.695
internal_count=5706 3227 1744 1272 120 1152 53 1099 401 238 1483 84 1399 805
is_linear=0
shrinkage=0.05


Tree=38
num_leaves=15
num_cat=0
split_feature=1 0 9 4 1 1 1 8 8 9 9 8 15 12
split_gain=10.5752 8.36664 6.06152 4.16371 3.97056 4.20637 4.84724 5.51307 5.00634 4.12316 6.55153 7.40377 4.09736 3.78961
threshold=2.2300000000000004 5.5000000000000009 25.160000000000004 18.810000000000006 7.1950000000000012 7.0650000000000004 6.9450000000000012 54.585000000000001 56.365000000000002 56.425000000000004 48.750000000000007 58.090000000000011 3.5000000000000004 6.9150000000000009
decision_type=2 2 2 2 2 2 2 2 2 2 2 2 2 2
left_child=-1 4 -3 -4 5 6 7 -2 13 10 11 -6 -11 -8
right_child=1 2 3 -5 9 -7 8 -9 -10 12 -12 -13 -14 -15
leaf_value=-0.048246448181023666 0.0018567568858307293 -0.033093783041322093 0.064820280478202943 -0.0075258529661549681 -0.0087818210653264877 -0.023996419985660482 0.074314674457897287 -0.039962984542939312 -0.0096324565001465832 -0.015384595513028633 0.061044958802494415 0.058568926560587459 0.040183063269045693 0.011001497103777423
leaf_weight=11.261417780071495 653.88966512680054 27.379629548639059 2.0464534163475028 70.584291126579046 13.801897399127489 15.930155761539934 6.2738043591380102 7.9769481942057601 5.2851595208048812 14.068766243755819 9.8927818238735181 5.7931650355458251 4.34103138744831 3.7919383198022842
leaf_count=251 4023 354 19 620 70 85 30 42 25 69 47 27 22 22
internal_value=-0.000114833 0.000529631 -0.0130452 -0.00548742 0.00236166 0.00139957 0.00199696 0.00135274 0.0297731 0.0162846 0.0278758 0.01113 -0.00228174 0.0504635
internal_weight=852.317 841.056 100.01 72.6307 741.045 693.148 677.218 661.867 15.3509 47.8976 29.4878 19.5951 18.4098 10.0657
internal_count=5706 5455 993 639 4462 4227 4142 4065 77 235 144 97 91 52
is_linear=0
shrinkage=0.05


Tree=39
num_leaves=15
num_cat=0
split_feature=1 0 1 12 9 8 3 12 5 3 3 12 2 4
split_gain=9.98595 7.98169 4.89762 5.25225 7.32762 5.80162 5.76906 5.50875 4.36164 4.38309 11.4467 4.9772 9.94817 5.53235
threshold=2.2300000000000004 3.5000000000000004 5.7750000000000012 6.9050000000000011 62.285000000000004 39.175000000000004 28.620000000000005 6.7650000000000006 0.18500000000000003 31.890000000000004 29.185000000000006 6.8750000000000009 6.6750000000000007 42.955000000000005
decision_type=2 2 2 2 2 2 2 2 2 2 2 2 2 2
left_child=-1 -2 -3 5 -5 6 -4 -8 9 10 -7 13 -13 -11
right_child=1 2 3 4 -6 8 7 -9 -10 11 -12 12 -14 -15
leaf_value=-0.047924339291074737 0.0047254002175953413 -0.011076662107629065 -0.01941130539245451 -0.021780034643903601 0.044983246194251286 0.0099582339363591017 0.10247963447733177 0.026123288503768039 -0.050191598793658698 0.0026918017472841583 -0.040353673687811793 0.003848942550139435 0.11430619763503513 0.060085263466106154
leaf_weight=10.782386004924772 479.896728284657 176.31115886941552 3.4182777032256118 38.61737596988678 4.5993526726961127 31.731838122010231 3.8721537590026838 6.0571835413575172 3.8856791779398909 61.642401248216629 17.562169060111046 5.2019644230604154 3.3518804833292961 4.5057053118944159
leaf_count=251 2459 1754 22 289 29 211 24 38 27 399 121 35 21 26
internal_value=-0.000112029 0.000501221 -0.00511799 0.000577883 -0.0146747 0.00524525 0.0366131 0.0559001 0.00197124 0.00360587 -0.00796659 0.0112423 0.0471323 0.00660118
internal_weight=851.436 840.654 360.757 184.446 43.2167 141.229 13.3476 9.92934 127.882 123.996 49.294 74.702 8.55384 66.1481
internal_count=5706 5455 2996 1242 318 924 84 62 840 813 332 481 56 425
is_linear=0
shrinkage=0.05


Tree=40
num_leaves=15
num_cat=0
split_feature=1 0 9 3 3 4 2 1 15 14 4 5 2 4
split_gain=9.42835 7.33564 5.63906 3.81955 7.17548 4.44251 4.89037 7.94349 6.10491 4.42908 6.01016 4.22679 6.45603 4.07604
threshold=2.2300000000000004 5.5000000000000009 25.160000000000004 31.945000000000004 32.570000000000007 36.590000000000011 5.2550000000000008 6.2750000000000012 1.5000000000000002 1.5000000000000002 30.675000000000004 0.15500000000000003 5.7350000000000012 34.010000000000012
decision_type=2 2 2 2 2 2 2 2 2 2 2 2 2 2
left_child=-1 -2 -3 9 -5 13 -7 -8 -9 -4 -11 -12 -13 -6
right_child=1 2 3 4 5 6 7 8 -10 10 11 12 -14 -15
leaf_value=-0.047600384702546933 0.0021766600805911258 -0.032101383876577551 -0.05096984191122516 0.074402110710081515 -0.0028690447465013168 0.093631573055840939 -0.038208956044130202 0.086954013241632044 -0.0085295362792699066 0.025422740506392056 -0.057537308995438047 -0.055952672084443426 0.047450712361967309 -0.049630294895218474
leaf_weight=10.324577096849678 741.4434920810163 26.426322277635336 7.9441148191690472 3.3661030754446974 19.953147776424888 1.9974439591169346 5.0798744931817037 3.7640026435256004 3.014888308942318 8.4575475230813044 6.3999095261096937 2.7577401660382748 3.3349910899996758 6.0803243890404692
leaf_count=251 4462 354 73 26 172 20 45 29 25 78 57 30 30 54
internal_value=-0.000110723 0.000472966 -0.0123414 -0.00510392 0.00429855 -0.00161716 0.0212545 0.00906358 0.044488 -0.0191797 -0.00712522 -0.0291603 0.000647455 -0.0137905
internal_weight=850.344 840.02 98.5764 72.1501 43.2558 39.8897 13.8562 11.8588 6.77889 28.8943 20.9502 12.4926 6.09273 26.0335
internal_count=5706 5455 993 639 371 345 119 99 54 268 195 117 60 226
is_linear=0
shrinkage=0.05


Tree=41
num_leaves=15
num_cat=0
split_feature=1 0 12 1 12 7 2 1 8 3 1 5 2 14
split_gain=8.90099 6.93531 4.55291 4.63514 4.50796 6.69271 4.68329 4.63597 4.27966 4.51624 4.50957 8.04494 8.25373 12.8542
threshold=2.2300000000000004 3.5000000000000004 6.5950000000000006 5.7750000000000012 6.9050000000000011 3.5000000000000004 7.705000000000001 6.3250000000000011 39.175000000000004 28.620000000000005 6.6750000000000007 0.15500000000000003 6.0950000000000006 1.5000000000000002
decision_type=2 2 2 2 2 2 2 2 2 2 2 2 2 2
left_child=-1 -2 -3 -4 8 7 -7 -6 9 -5 -10 12 13 -12
right_child=1 2 3 4 5 6 -8 -9 10 -11 11 -13 -14 -15
leaf_value=-0.047273959363221894 0.0043676638491728492 0.047391435106561811 -0.011310462415404869 -0.018738098673253819 -0.0021792683196676672 -0.033806980376475643 0.019942445680202717 0.06802784313925854 -0.0054869490702765871 0.048017256424326332 0.11342522852535125 0.05245139126378548 -0.011055020242294517 -0.010561156516249103
leaf_weight=9.8871568664908391 481.23203461617231 4.1276270747184745 172.14030743762851 3.3826873302459708 7.6133850738406164 26.969441756606106 4.7693807110190383 3.4020653143525124 80.59062547236681 10.094274699687956 3.8289355933666211 10.557540267705916 26.517905995249748 4.6040562838315964
leaf_count=251 2459 32 1735 22 54 212 30 22 538 61 22 68 168 32
internal_value=-0.000109829 0.000445425 -0.00481814 -0.0054261 0.000129404 -0.0140758 -0.0257301 0.0195038 0.00448066 0.0312618 0.0016184 0.0142012 0.00264708 0.0457339
internal_weight=849.717 839.83 358.598 354.471 182.33 42.7543 31.7388 11.0155 139.576 13.477 126.099 45.5084 34.9509 8.43299
internal_count=5706 5455 2996 2964 1229 318 242 76 911 83 828 290 222 54
is_linear=0
shrinkage=0.05


Tree=42
num_leaves=15
num_cat=0
split_feature=1 0 9 9 12 2 5 5 1 4 8 8 0 8
split_gain=8.40259 6.41947 5.26495 3.62114 5.15565 4.46561 5.20196 4.39784 6.22466 6.45672 4.33699 4.18272 3.42972 4.42441
threshold=2.2300000000000004 5.5000000000000009 25.160000000000004 29.520000000000003 6.8250000000000011 6.4650000000000007 0.14500000000000005 0.16500000000000004 6.2750000000000012 32.435000000000009 55.710000000000008 47.405000000000008 1.5000000000000002 23.180000000000003
decision_type=2 2 2 2 2 2 2 2 2 2 2 2 2 2
left_child=-1 12 -3 4 -4 10 11 8 -8 -10 -5 -7 -2 -14
right_child=1 2 3 5 -6 6 7 -9 9 -11 -12 -13 13 -15
leaf_value=-0.046944453950566289 0.010114785021947671 -0.031148454431569952 0.065739585311976739 -0.023668096622100735 -0.021625548246605987 0.02266905908712788 -0.021701488458693761 -0.011851936551247026 0.023602937521698314 0.11367564194544 0.045964881433468163 -0.043598061217492171 -0.0089668548966711815 0.00241425328943078
leaf_weight=9.4693154059350473 110.83557909727097 25.55328618735075 4.0773298591375342 35.850393399596214 2.8825058043003082 3.68804530054331 2.7108286991715449 5.3233799487352362 4.2282745838165283 3.7578302249312401 2.3848911449313155 6.7202937230467796 101.81928116455674 529.34032693505287
leaf_count=251 505 354 40 338 30 30 22 43 33 29 19 55 897 3060
internal_value=-0.000108355 0.000420149 -0.0116639 -0.00471238 0.0295562 -0.00840073 0.00740351 0.0252837 0.0437644 0.0659863 -0.0193248 -0.0201173 0.00200276 0.000578242
internal_weight=848.642 839.172 97.1771 71.6238 6.95984 64.6639 26.4287 16.0203 10.6969 7.9861 38.2353 10.4083 741.995 631.16
internal_count=5706 5455 993 639 70 569 212 127 84 62 357 85 4462 3957
is_linear=0
shrinkage=0.05


Tree=43
num_leaves=15
num_cat=0
split_feature=1 0 4 5 14 2 4 1 7 13 13 3 4 4
split_gain=7.93122 5.91138 4.6694 7.45557 6.89615 7.1759 8.42286 5.19402 7.31938 4.99152 4.86923 5.4078 4.6856 4.64989
threshold=2.2300000000000004 4.5000000000000009 36.220000000000006 0.20500000000000004 4.5000000000000009 7.4200000000000008 30.615000000000006 5.1750000000000007 3.5000000000000004 1.0000000180025095e-35 -1.0000000180025095e-35 37.355000000000011 31.455000000000002 35.375000000000007
decision_type=2 2 2 2 2 2 2 2 2 2 2 2 2 2
left_child=-1 -2 4 9 5 13 -7 -6 -9 10 -4 -12 -10 -3
right_child=1 2 3 -5 7 6 -8 8 12 -11 11 -13 -14 -15
leaf_value=-0.046611287743421444 0.0027862058744313289 -0.015972357021871154 0.019266487884795184 0.082443722996260474 -0.028111303667346928 0.099339580802216165 -0.0064830969573258599 0.093643745105556619 0.051372782487544538 0.041976706472034851 -0.025583363186185912 0.013922163973002229 -0.040817986539545242 -0.052094548208066062
leaf_weight=9.0702626667916757 633.27804200351238 108.05076125636697 15.716465316712855 2.8953783772885791 3.6835553236305705 2.8163752332329732 5.6578566953539848 3.9671812951564771 2.7159229665994644 6.472581408917903 28.299320254474878 12.483906656503676 2.7983402088284492 9.7096978351473791
leaf_count=251 3456 1076 161 35 46 20 43 36 22 56 274 112 23 95
internal_value=-0.000106905 0.000396117 -0.00697764 0.00399309 -0.0121614 -0.0157528 0.0286866 0.0222753 0.0418505 0.000386042 -0.00437857 -0.0134906 0.00458845 -0.0189507
internal_weight=847.616 838.545 205.267 65.8677 139.4 126.235 8.47423 13.165 9.48144 62.9723 56.4997 40.7832 5.51426 117.76
internal_count=5706 5455 1999 638 1361 1234 63 127 81 603 547 386 45 1171
is_linear=0
shrinkage=0.05


Tree=44
num_leaves=15
num_cat=0
split_feature=1 0 9 3 3 14 4 7 5 2 4 14 15 1
split_gain=7.48504 5.6055 4.95518 4.14581 10.7134 4.35929 5.76224 3.85475 3.83837 6.28134 3.41395 6.14699 4.10315 7.28133
threshold=2.2300000000000004 5.5000000000000009 23.310000000000002 31.945000000000004 32.505000000000003 1.5000000000000002 30.675000000000004 3.5000000000000004 0.15500000000000003 5.7350000000000012 36.590000000000011 4.5000000000000009 2.5000000000000004 6.2750000000000012
decision_type=2 2 2 2 2 2 2 2 2 2 2 2 2 2
left_child=-1 -2 -3 5 -5 -4 7 -7 -8 -10 11 -6 13 -12
right_child=1 2 3 4 10 6 8 -9 9 -11 12 -13 -14 -15
leaf_value=-0.046273899564677833 0.0018414383913258406 -0.031796116798633201 -0.050457430401795567 0.091407868432795039 -0.020492740731472656 0.001850842453355411 -0.056778389970444092 0.074500362652673263 -0.055287970004491684 0.044458816647640537 -0.012777606758663896 0.061458749501769584 -0.023097121936273446 0.072657142177528375
leaf_weight=8.6892330572009069 742.37859376147389 22.064850408583879 8.1504015885293501 3.307650562375783 24.156314831227068 5.9360770955681819 6.245056323707102 2.6369806900620461 2.9309419207274914 3.4199909418821335 4.4677309505641443 2.5275957360863677 4.3636182136833659 5.6449804753065109
leaf_count=251 4462 317 82 26 216 57 61 22 35 30 41 25 40 41
internal_value=-0.000106351 0.00037223 -0.0110068 -0.00479017 0.00483345 -0.019386 -0.00742303 0.0241971 -0.0289442 -0.00157411 -0.0021237 -0.01273 0.0174267 0.0349126
internal_weight=846.92 838.231 95.8522 73.7873 44.4679 29.3194 21.169 8.57306 12.596 6.35093 41.1602 26.6839 14.4763 10.1127
internal_count=5706 5455 993 676 389 287 205 79 126 65 363 241 122 82
is_linear=0
shrinkage=0.05


Tree=45
num_leaves=15
num_cat=0
split_feature=1 0 12 3 3 9 0 5 9 1 4 1 4 8
split_gain=7.08372 5.31887 3.98076 4.02081 5.08103 7.63977 4.26738 5.26296 5.57165 6.10136 4.63277 4.42093 3.91676 4.75891
threshold=2.6450000000000005 3.5000000000000004 6.5950000000000006 31.890000000000004 33.120000000000012 16.475000000000005 5.5000000000000009 0.12500000000000003 18.810000000000006 5.6150000000000011 42.755000000000003 7.4350000000000014 29.080000000000002 37.370000000000012
decision_type=2 2 2 2 2 2 2 2 2 2 2 2 2 2
left_child=-1 -2 -3 6 5 -5 7 -4 9 10 -9 -8 -7 -14
right_child=1 2 3 4 -6 12 11 8 -10 -11 -12 -13 13 -15
leaf_value=-0.03762633823732639 0.0038741916026357841 0.043954708722648804 0.055188857053131174 -0.044130987184910229 -0.0032048460873020691 0.077786684042402104 -0.029459441887015266 -0.0093548085019817748 -0.013995383300101938 0.059927552572240285 0.072354751921917287 0.049963949818684676 0.058807243158667415 0.0039275631406175118
leaf_weight=12.395002365112303 480.8229236677289 4.2388376928865901 3.3967847675085059 3.8555708453059223 174.43851402029395 3.8785573318600681 35.778588153421879 15.994736868888145 84.54235977306962 5.4468619152903548 1.9457735940814007 1.8423095420002926 5.9409613832831409 11.788862921297548
leaf_count=298 2441 32 24 40 1398 27 410 173 665 31 22 15 52 78
internal_value=-0.00010542 0.000452279 -0.00420755 -0.00479277 -0.000159205 0.0207047 -0.0110115 -0.00609165 -0.00802029 0.0135789 -0.000492836 -0.02557 0.0322733 0.0223168
internal_weight=846.307 833.912 353.089 348.85 199.902 25.464 148.947 111.327 107.93 23.3874 17.9405 37.6209 21.6084 17.7298
internal_count=5706 5408 2967 2935 1595 197 1340 915 891 226 195 425 157 130
is_linear=0
shrinkage=0.05


Tree=46
num_leaves=15
num_cat=0
split_feature=1 0 8 3 4 14 12 13 3 2 9 1 0 3
split_gain=6.73488 4.81639 3.5874 4.33608 4.64964 8.15388 4.41366 4.22803 4.45242 3.81134 6.43268 4.98601 4.27618 7.02182
threshold=2.2300000000000004 3.5000000000000004 56.775000000000006 22.565000000000001 47.915000000000006 1.5000000000000002 6.745000000000001 1.0000000180025095e-35 53.020000000000003 1.0000000180025095e-35 6.0650000000000004 3.3350000000000004 2.5000000000000004 36.515000000000008
decision_type=2 2 2 2 2 2 2 2 2 2 2 2 2 2
left_child=-1 2 3 6 7 -6 -2 8 9 11 -11 -5 -13 -14
right_child=1 -3 -4 4 5 -7 -8 -9 -10 10 -12 12 13 -15
leaf_value=-0.045647741538744818 -0.046016764363629316 -0.0041028770186816018 0.026263121253132349 -0.031387515789639449 0.087701232153917841 0.0081078194983321781 -0.0043907051524805906 -0.021853186708551613 -0.048038021678779637 -0.02570370849342048 0.0049210763802804876 0.013284486284536151 0.099137323388301585 0.011091991380489392
leaf_weight=8.0400702543556672 8.2384896799921972 353.52917247638106 16.816817358136177 3.5137556344270733 4.4995667636394492 11.295080497860907 28.049173474311829 16.255339913070202 4.04368932545185 18.024753607809544 352.07835954427719 11.963083118200302 4.9350150972604752 4.1848017275333405
leaf_count=251 47 2996 70 26 20 53 159 78 20 113 1763 63 25 22
internal_value=-0.000103832 0.000333431 0.00357454 0.00275766 0.00415585 0.0307823 -0.0138412 0.00314246 0.00416144 0.00469622 0.00342959 0.0237552 0.0329454 0.058736
internal_weight=845.467 837.427 483.898 467.081 430.793 15.7946 36.2877 414.999 398.743 394.7 370.103 24.5967 21.0829 9.11982
internal_count=5706 5455 2459 2389 2183 73 206 2110 2032 2012 1876 136 110 47
is_linear=0
shrinkage=0.05


Tree=47
num_leaves=15
num_cat=0
split_feature=1 0 9 2 2 4 8 1 3 12 2 3 1 7
split_gain=6.35387 4.52536 4.64911 3.65339 4.46138 4.17999 3.38363 4.07137 4.61526 3.30734 9.03786 6.57111 5.16929 8.49993
threshold=2.2300000000000004 5.5000000000000009 25.160000000000004 4.9050000000000011 5.8850000000000007 29.890000000000004 35.635000000000012 5.3650000000000011 38.250000000000007 6.9150000000000009 1.0000000180025095e-35 34.110000000000007 4.6050000000000013 3.5000000000000004
decision_type=2 2 2 2 2 2 2 2 2 2 2 2 2 2
left_child=-1 9 -3 5 6 -4 7 8 -5 -2 11 -11 -12 -14
right_child=1 2 3 4 -6 -7 -8 -9 -10 10 12 -13 13 -15
leaf_value=-0.045295603893648735 0.00311638916084976 -0.029105691827796432 0.082998409736955381 -0.046661518958390602 0.0018642933252069071 -0.00090652792735536737 -0.047064280270509254 0.052603734206449496 0.040437805928286386 0.10110100543207656 -0.032148139713235234 -0.00044594178807666127 0.010507757795179706 -0.018984201530530844
leaf_weight=7.70592027157545 618.82351472228765 23.827268168330193 2.5046418718993655 5.677337050437929 43.841698933392763 3.6438958197832108 10.066889122128485 2.2856830209493637 2.0774587132036686 3.3034938238561145 19.9729442037642 3.0769735276699066 48.881391152739525 48.844181843101978
leaf_count=251 3674 354 25 66 366 41 95 23 23 23 173 20 292 280
internal_value=-0.000101026 0.000315148 -0.0100257 -0.00354005 -0.00707949 0.0332726 -0.0265803 -0.00604252 -0.0233282 0.00162253 -0.00582784 0.0521301 -0.00896976 -0.00423261
internal_weight=844.533 836.827 93.9249 70.0976 63.9491 6.14854 20.1074 10.0405 7.7548 742.902 124.079 6.38047 117.699 97.7256
internal_count=5706 5455 993 639 573 66 207 112 89 4462 788 43 745 572
is_linear=0
shrinkage=0.05


Tree=48
num_leaves=15
num_cat=0
split_feature=1 0 4 3 3 4 1 12 13 12 9 2 8 3
split_gain=5.99286 4.39515 5.97077 5.8366 6.69715 12.9141 5.76999 5.27701 5.15743 5.58837 6.04554 7.59889 5.97196 13.6583
threshold=2.2300000000000004 2.5000000000000004 26.290000000000003 31.890000000000004 32.570000000000007 36.865000000000009 7.5850000000000009 6.7550000000000008 -1.0000000180025095e-35 6.9150000000000009 60.455000000000005 6.3050000000000006 41.45000000000001 28.830000000000002
decision_type=2 2 2 2 2 2 2 2 2 2 2 2 2 2
left_child=-1 2 -2 8 5 7 -4 -5 -3 10 11 -10 13 -13
right_child=1 3 6 4 -6 -7 -8 -9 9 -11 -12 12 -14 -15
leaf_value=-0.044937288190303556 -0.01317146402955597 0.0028556370014810274 0.0068994614097781758 0.062957385930526119 3.0901820457376329e-05 0.12048763869006365 0.061876398775763231 -0.0010158710657655313 -0.012697450815044789 -0.032319313944403155 -0.049818368642676393 -0.011310483378130549 0.0027179345101646366 0.12281994716262497
leaf_weight=7.3870835229754439 38.506443105638027 70.070005163550377 252.7260230705142 4.1070011109113755 289.05681724101305 3.255444321781396 4.8644537329673758 14.985120814293621 92.314952734857798 31.408645257353783 8.3822979107499105 3.8346006050705936 19.260480269789696 3.7579527199268341
leaf_count=251 200 561 1247 23 2032 24 20 104 769 261 52 25 111 26
internal_value=-9.97685e-05 0.000296175 0.0051925 -0.00238646 0.00206971 0.0284409 0.00793767 0.0127457 -0.00844539 -0.013427 -0.0087748 -0.00588778 0.0175224 0.0550777
internal_weight=843.917 836.53 296.097 540.433 311.404 22.3476 257.59 19.0921 229.029 158.959 127.55 119.168 26.853 7.59255
internal_count=5706 5455 1467 3988 2183 151 1267 127 1805 1244 983 931 162 51
is_linear=0
shrinkage=0.05


Tree=49
num_leaves=15
num_cat=0
split_feature=1 0 5 3 3 10 3 8 3 4 1 2 1 1
split_gain=5.65117 4.05617 4.49752 4.4439 5.22698 4.67423 7.2107 8.15086 3.87861 4.37149 3.54876 3.44752 3.22009 3.89031
threshold=2.2300000000000004 5.5000000000000009 0.17500000000000002 31.945000000000004 32.505000000000003 1.0000000180025095e-35 40.840000000000011 35.635000000000012 38.250000000000007 27.935000000000006 7.4350000000000014 6.035000000000001 7.1950000000000012 7.0650000000000004
decision_type=2 2 2 2 2 2 2 2 2 2 2 2 2 2
left_child=-1 12 3 10 -5 8 7 -7 -6 -10 -3 -9 13 -2
right_child=1 2 -4 4 5 6 -8 11 9 -11 -12 -13 -14 -15
leaf_value=-0.044572334085056224 0.0012143519183190094 -0.023557883037556869 -0.028927205083313198 0.069818136562957364 -0.025551006332514017 -0.030304845569425021 -0.029088604870802295 0.1357040911313859 -0.056144106493331764 0.023922119050906188 0.047578892626470644 0.054991964362955351 0.014012672973839298 -0.023878062950438844
leaf_weight=7.0829065386205903 679.12253243103623 26.110829286277298 22.679411724209785 3.0617266036570063 15.475589927285911 1.9195691123604754 3.4970952682197094 2.3186802566051483 2.0180161371827117 10.983367990702389 1.8793768435716618 3.0810831114649773 48.162357337772846 15.806347794830797
leaf_count=251 4142 295 295 24 141 22 34 20 23 99 15 25 235 85
internal_value=-9.88077e-05 0.000277937 -0.00956482 -0.00332237 0.00689372 0.00199067 0.0299721 0.0581907 -0.00863755 0.0114946 -0.0187815 0.0896501 0.00151011 0.000643618
internal_weight=843.199 836.116 93.0247 70.3453 42.3551 39.2934 10.8164 7.31933 28.477 13.0014 27.9902 5.39976 743.091 694.929
internal_count=5706 5455 993 698 388 364 101 67 263 122 310 45 4462 4227
is_linear=0
shrinkage=0.05


Tree=50
num_leaves=15
num_cat=0
split_feature=1 0 9 3 3 4 3 2 15 12 9 8 1 2
split_gain=5.32789 3.87013 5.7772 5.14012 5.71631 10.7704 5.08552 4.95771 9.12252 4.82689 4.64654 6.71441 5.48293 5.24503
threshold=2.2300000000000004 2.5000000000000004 37.660000000000004 31.890000000000004 32.570000000000007 36.865000000000009 29.060000000000006 1.3500000000000003 3.5000000000000004 6.6850000000000014 33.57500000000001 40.405000000000008 5.2650000000000006 4.5750000000000011
decision_type=2 2 2 2 2 2 2 2 2 2 2 2 2 2
left_child=-1 2 10 7 5 -5 -4 8 -3 -8 13 12 -12 -2
right_child=1 3 6 4 -6 -7 9 -9 -10 -11 11 -13 -14 -15
leaf_value=-0.044200301505896919 -0.0047007451840839123 0.0004988503053640715 0.032585975710073836 0.011423815272415204 4.2105084919441183e-06 0.10698149281367647 0.049441254658516405 -0.010026203117241379 0.096123649697034533 0.0043338902378605325 -0.015317599072008581 0.0085170173349571384 -0.0732138286141234 0.014019057259861632
leaf_weight=6.7927591670304528 92.329034835100174 13.121971018612387 27.290219865739346 19.319082379341129 288.99851123988628 3.4799350239336482 6.4182923287153235 211.12310647591949 3.0794048123061648 78.083670750260353 9.7874045073986107 12.834581956267355 7.0241087973117819 62.916864588856697
leaf_count=251 517 115 128 127 2032 24 28 1666 24 352 51 56 33 302
internal_value=-9.74233e-05 0.000261009 0.00484746 -0.00226296 0.00190573 0.0260093 0.0138204 -0.00798072 0.0186743 0.00775999 -0.000577901 -0.0187164 -0.0395075 0.00288587
internal_weight=842.599 835.806 296.684 539.122 311.798 22.799 111.792 227.324 16.2014 84.502 184.892 29.6461 16.8115 155.246
internal_count=5706 5455 1467 3988 2183 151 508 1805 139 380 959 140 84 819
is_linear=0
shrinkage=0.05


Tree=51
num_leaves=15
num_cat=0
split_feature=1 0 2 4 3 5 3 6 9 1 9 13 5 7
split_gain=5.02206 3.62494 4.35693 5.90206 3.16642 5.47957 5.26382 5.59679 5.4129 3.95047 3.636 3.28103 2.99883 8.31559
threshold=2.2300000000000004 5.5000000000000009 4.1400000000000015 41.395000000000003 48.250000000000007 0.18500000000000003 44.540000000000006 0.34500000000000008 15.505000000000003 7.1950000000000012 36.63000000000001 -1.0000000180025095e-35 0.15500000000000003 1.5000000000000002
decision_type=2 2 2 2 2 2 2 2 2 2 2 2 2 2
left_child=-1 4 3 -3 6 11 9 8 -8 12 -10 -6 13 -2
right_child=1 2 -4 -5 5 -7 7 -9 10 -11 -12 -13 -14 -15
leaf_value=-0.043820775301310844 0.052176828312779922 -0.043144144544529452 -0.0043462842538211722 0.074038590583863889 0.0062000983935239298 0.039214566646537302 0.057098779953353399 0.072120815529667967 -0.032596282465589536 0.015794549114313491 0.015737210407109237 -0.037596292087365007 0.0024471987211094441 -0.0067733123685846941
leaf_weight=6.516034308820962 6.1745489984750739 13.666956972330807 77.286730315536261 1.166214071214198 5.8717316761612954 3.8269852027297011 5.3365179821848931 4.8597462028264991 5.8475579544901874 43.236982673406601 11.629510447382925 15.738950356841086 448.60378288850188 192.06797637045383
leaf_count=251 38 218 758 17 34 25 38 20 38 210 59 92 2831 1077
internal_value=-9.55433e-05 0.000245544 -0.00911002 -0.033931 0.00140518 -0.015931 0.00201958 0.0234018 0.0130236 0.00116213 -0.000434432 -0.0256966 0.000184054 -0.00493723
internal_weight=841.83 835.314 92.1199 14.8332 743.194 25.4377 717.757 27.6733 22.8136 690.083 17.4771 21.6107 646.846 198.243
internal_count=5706 5455 993 235 4462 151 4311 155 135 4156 97 126 3946 1115
is_linear=0
shrinkage=0.05


Tree=52
num_leaves=15
num_cat=0
split_feature=1 12 13 1 9 1 7 1 5 9 3 0 3 4
split_gain=4.73267 3.47836 6.99731 6.07162 6.56077 5.98761 6.89943 6.87202 5.25003 5.11056 5.01396 5.00467 7.21078 6.85803
threshold=2.2300000000000004 6.9150000000000009 -1.0000000180025095e-35 5.8550000000000013 68.300000000000026 4.6850000000000014 3.5000000000000004 7.2750000000000012 0.19500000000000003 5.7200000000000006 31.945000000000004 1.5000000000000002 26.110000000000003 33.650000000000006
decision_type=2 2 2 2 2 2 2 2 2 2 2 2 2 2
left_child=-1 3 9 11 -5 -4 8 -8 -7 10 -3 -2 13 -13
right_child=1 2 5 4 -6 6 7 -9 -10 -11 -12 12 -14 -15
leaf_value=-0.043433361028058226 0.010332997279615924 0.1028135223637226 -0.04452374196583004 0.0082824702314107639 -0.041233807120825694 0.01918513168733961 -0.032856211270902186 0.0097984081591658452 -0.035468489361911819 0.0025743575929881584 0.0078446025469554974 -0.03762622976737643 -0.0014447525950494738 -0.003175113042273778
leaf_weight=6.2521470710635176 65.27858754992485 2.6751855686306945 14.507248785346745 287.70804704725742 6.848820634186267 24.436345558613542 34.848031342029572 12.952209569513796 5.3573840595781794 43.138122595846653 2.8925701081752777 29.682694058865309 276.50503428652883 28.140501465648413
leaf_count=251 302 19 142 1553 39 159 226 75 40 292 22 269 2086 231
internal_value=-9.34012e-05 0.000231123 -0.00693427 0.00168458 0.00713115 -0.0150398 -0.00952738 -0.0212983 0.00935755 0.00839302 0.0534751 -0.00233018 -0.0048027 -0.0208601
internal_weight=841.223 834.971 140.807 694.164 294.557 92.1012 77.594 47.8002 29.7937 48.7059 5.56776 399.607 334.328 57.8232
internal_count=5706 5455 975 4480 1592 642 500 301 199 333 41 2888 2586 500
is_linear=0
shrinkage=0.05


end of trees

feature_importances:
national_win_rate=148
boat_number=107
motor_2連率=93
boat_hull_2連率=81
national_2連率=70
local_2連率=64
exhibition_time=59
local_win_rate=54
average_start_timing=25
racer_class_rank=11
wave_height_cm=9
tilt_angle=8
wind_speed_m=8
course_win_rate=3
flying_count=2

parameters:
[boosting: gbdt]
[objective: binary]
[metric: binary_logloss]
[tree_learner: serial]
[device_type: cpu]
[data_sample_strategy: bagging]
[data: ]
[valid: ]
[num_iterations: 500]
[learning_rate: 0.05]
[num_leaves: 15]
[num_threads: 0]
[seed: 0]
[deterministic: 0]
[force_col_wise: 0]
[force_row_wise: 0]
[histogram_pool_size: -1]
[max_depth: -1]
[min_data_in_leaf: 20]
[min_sum_hessian_in_leaf: 0.001]
[bagging_fraction: 1]
[pos_bagging_fraction: 1]
[neg_bagging_fraction: 1]
[bagging_freq: 0]
[bagging_seed: 3]
[bagging_by_query: 0]
[feature_fraction: 1]
[feature_fraction_bynode: 1]
[feature_fraction_seed: 2]
[extra_trees: 0]
[extra_seed: 6]
[early_stopping_round: 0]
[early_stopping_min_delta: 0]
[first_metric_only: 0]
[max_delta_step: 0]
[lambda_l1: 0]
[lambda_l2: 0]
[linear_lambda: 0]
[min_gain_to_split: 0]
[drop_rate: 0.1]
[max_drop: 50]
[skip_drop: 0.5]
[xgboost_dart_mode: 0]
[uniform_drop: 0]
[drop_seed: 4]
[top_rate: 0.2]
[other_rate: 0.1]
[min_data_per_group: 100]
[max_cat_threshold: 32]
[cat_l2: 10]
[cat_smooth: 10]
[max_cat_to_onehot: 4]
[top_k: 20]
[monotone_constraints: ]
[monotone_constraints_method: basic]
[monotone_penalty: 0]
[feature_contri: ]
[forcedsplits_filename: ]
[refit_decay_rate: 0.9]
[cegb_tradeoff: 1]
[cegb_penalty_split: 0]
[cegb_penalty_feature_lazy: ]
[cegb_penalty_feature_coupled: ]
[path_smooth: 0]
[interaction_constraints: ]
[verbosity: -1]
[saved_feature_importance_type: 0]
[use_quantized_grad: 0]
[num_grad_quant_bins: 4]
[quant_train_renew_leaf: 0]
[stochastic_rounding: 1]
[linear_tree: 0]
[max_bin: 255]
[max_bin_by_feature: ]
[min_data_in_bin: 3]
[bin_construct_sample_cnt: 200000]
[data_random_seed: 1]
[is_enable_sparse: 1]
[enable_bundle: 1]
[use_missing: 1]
[zero_as_missing: 0]
[feature_pre_filter: 1]
[pre_partition: 0]
[two_round: 0]
[header: 0]
[label_column: ]
[weight_column: ]
[group_column: ]
[ignore_column: ]
[categorical_feature: ]
[forcedbins_filename: ]
[precise_float_parser: 0]
[parser_config_file: ]
[objective_seed: 5]
[num_class: 1]
[is_unbalance: 0]
[scale_pos_weight: 1]
[sigmoid: 1]
[boost_from_average: 1]
[reg_sqrt: 0]
[alpha: 0.9]
[fair_c: 1]
[poisson_max_delta_step: 0.7]
[tweedie_variance_power: 1.5]
[lambdarank_truncation_level: 30]
[lambdarank_norm: 1]
[label_gain: ]
[lambdarank_position_bias_regularization: 0]
[eval_at: ]
[multi_error_top_k: 1]
[auc_mu_weights: ]
[num_machines: 1]
[local_listen_port: 12400]
[time_out: 120]
[machine_list_filename: ]
[machines: ]
[gpu_platform_id: -1]
[gpu_device_id: -1]
[gpu_device_id_list: ]
[gpu_use_dp: 0]
[num_gpu: 1]

end of parameters

pandas_categorical:[]
