tree
version=v4
num_class=1
num_tree_per_iteration=1
label_index=0
max_feature_idx=25
objective=lambdarank
feature_names=boat_number national_win_rate local_win_rate motor_2連率 boat_hull_2連率 average_start_timing course_win_rate racer_class_rank national_2連率 local_2連率 flying_count late_count exhibition_time tilt_angle wind_speed_m wave_height_cm course_nige_rate course_sashi_rate course_makuri_rate weight_adjustment_kg start_timing_preview temperature_c water_temperature_c racer_recent_avg_order racer_recent_win_rate start_course
feature_infos=[1:6] [0:8.7699999999999996] [0:9] [0:88.890000000000001] [0:72.219999999999999] [0:0.28000000000000003] [0.0049261083743842001:0.57843137254901966] [1:4] [0:68.040000000000006] [0:90] [0:2] [0:1] [6.3499999999999996:7.29] [-0.5:3] [0:10] [0:10] [0:0.53921568627450978] [0:0.1029411764705882] [0:0.059999999999999998] [0:8] [-0.40000000000000002:0.93999999999999995] [17:34] [22:29] [1:19.833333333333329] [0:1] [1:6]
tree_sizes=2691 2706 2695 2701 2698 2694 2702 2698 2702 2712 2713 2711 2722 2715 2696 2704 2703 2720 2700 2699 2715 2708 2718

Tree=0
num_leaves=24
num_cat=0
split_feature=0 0 8 8 1 25 0 25 8 1 1 3 12 18 8 23 1 3 8 8 23 13 22
split_gain=2584.23 291.903 107.09 92.2336 51.2301 25.2831 19.7641 19.1176 19.076 11.3614 9.6949 9.65667 8.24985 7.48626 6.45191 6.45018 5.98569 5.77229 5.60396 4.95104 6.26238 4.51436 4.51128
threshold=1.5000000000000002 3.5000000000000004 28.325000000000003 30.470000000000002 5.5250000000000012 5.5000000000000009 2.5000000000000004 5.5000000000000009 9.1350000000000016 6.0950000000000006 3.3350000000000004 36.690000000000005 6.8050000000000006 0.022254901960784303 9.1350000000000016 3.3875000000000006 4.3850000000000007 43.410000000000004 51.475000000000009 14.465000000000002 3.5277777777777781 -1.0000000180025095e-35 26.950000000000003
decision_type=2 2 2 2 2 2 2 2 2 2 2 2 2 2 2 2 2 2 2 2 2 2 2
left_child=2 3 8 10 7 12 18 14 22 -4 -2 15 17 -12 -3 -10 -13 -6 -5 20 -17 -19 -1
right_child=1 4 9 6 5 -7 -8 -9 11 -11 13 16 -14 -15 -16 19 -18 21 -20 -21 -22 -23 -24
leaf_value=-0.030713004446637552 -0.044693085308739715 -0.05203052959522992 0.042160576276905296 0.0052462636207233565 -0.019742901506773668 -0.040482910085532911 -0.0067492941243562938 -0.052015997358912887 0.036976028201228715 0.050001858571320619 -0.016227816579498372 0.024465849997823755 -0.027831987023642698 -0.02858101948586126 -0.037601129113172108 -0.023988211753789269 0.043882122675463944 -0.026264610777955326 0.018425884761279689 0.018061813748994734 0.020087269052285091 0.011382416010822564 0.010607147167203542
leaf_weight=7.4800057485699636 19.698232106864452 31.215881222859025 309.55572219192982 144.52586236596107 87.926313575357199 113.62336465902627 153.2377140969038 160.68704630993307 14.730079688131807 359.36848202347755 86.899845499545336 31.431172750890255 156.66788937523961 89.753387367352843 261.68904923833907 6.0039358437061292 26.202295519411564 3.9797783736139527 36.335590746253729 94.617918662726879 5.6142087653279305 10.249358037486671 3.4864373803138733
leaf_count=49 295 424 1255 1732 1139 1365 2095 1957 65 1330 1176 149 2032 1333 3466 40 108 55 403 474 29 113 18
internal_value=1.93918e-10 -0.0257787 0.0407326 -0.00841232 -0.0369308 -0.0286859 0.00117776 -0.0437007 0.0208288 0.0463732 -0.0247302 0.023187 -0.023507 -0.0225042 -0.0391389 0.0183719 0.0332932 -0.0168741 0.00789409 0.0157924 -0.00268972 0.000852837 -0.0175766
internal_weight=2214.98 1356.49 858.49 530.451 826.039 372.447 334.099 453.592 189.566 668.924 196.351 178.6 258.823 176.653 292.905 120.966 57.6335 102.155 180.861 106.236 11.6181 14.2291 10.9664
internal_count=21102 17585 3517 7034 10551 4704 4230 5847 932 2585 2804 865 3339 2509 3890 608 257 1307 2135 543 69 168 67
is_linear=0
shrinkage=0.03


Tree=1
num_leaves=24
num_cat=0
split_feature=0 25 1 8 8 8 25 6 1 1 3 2 1 0 1 23 23 8 3 21 0 23 0
split_gain=5181.93 839.598 546.196 456.478 177.339 80.7751 74.7243 62.0377 56.1761 43.7763 39.245 37.223 34.7227 27.3931 26.6489 24.2968 23.1766 21.2974 21.0885 19.5058 18.4989 18.2835 17.2173
threshold=1.5000000000000002 4.5000000000000009 4.8450000000000006 28.325000000000003 33.20000000000001 41.205000000000005 5.5000000000000009 0.1188235294117647 3.3350000000000004 3.0650000000000004 36.565000000000005 3.0300000000000007 6.0950000000000006 3.5000000000000004 4.3850000000000007 3.5634920634920646 3.3875000000000006 51.870000000000012 43.410000000000004 27.950000000000003 5.5000000000000009 4.1180555555555562 2.5000000000000004
decision_type=2 2 2 2 2 2 2 2 2 2 2 2 2 2 2 2 2 2 2 2 2 2 2
left_child=3 2 8 9 11 7 17 -4 -2 -1 16 -3 -5 15 -12 19 -11 -6 -15 -7 -13 -9 -10
right_child=1 4 5 12 6 13 -8 21 22 10 14 20 -14 18 -16 -17 -18 -19 -20 -21 -22 -23 -24
leaf_value=-0.028384683870649366 -0.040815353843647241 -0.049425725317252138 -0.01561772438207691 0.039171426378085308 -0.018923245942047091 0.011501548513593328 -0.03254922368697178 0.00013291454119113437 -0.01671167310990529 0.031228266121470276 0.017652996635888561 -0.032374214937877087 0.047363758989462955 -0.0034766750430530687 0.040921101039897115 -0.0050323610288670701 0.0081300896100536171 -0.0044766059979655564 0.015992451667394336 -0.0013243291894226841 -0.043312926187763313 -0.016235228111609136 -0.024599188976182559
leaf_weight=21.166922122240067 158.29103018343449 330.56197275966406 379.92910408973694 871.6475974470377 461.64283921569586 719.54484552145004 432.33780696243048 811.17417970299721 396.83570820093155 43.557596057653427 109.26757869124413 343.73208725452423 999.62559279799461 404.04835778474808 74.505883306264877 116.18868614733219 381.72510270774364 114.64959734678268 57.155077382922173 125.29995638132095 233.77061742544174 66.450246080756187 668.9184140637517
leaf_count=48 559 1271 1234 1255 1426 1692 1564 2029 1068 66 152 1175 1330 1180 109 305 557 330 133 323 950 182 2164
internal_value=-4.25411e-11 -0.0155193 -0.00753552 0.0361105 -0.0317802 4.84728e-05 -0.0231217 -0.00549054 -0.0241391 0.0140278 0.0155018 -0.0413975 0.0435477 0.00494611 0.0270864 0.00783036 0.0104958 -0.0160492 -0.00106394 0.00959933 -0.0368022 -0.00110642 -0.0216623
internal_weight=8322.03 5820.53 3903.84 2501.5 1916.69 2679.79 1008.63 1257.55 1224.05 630.223 609.056 908.065 1871.27 1422.24 183.773 961.033 425.283 576.292 461.203 844.845 577.503 877.624 1065.75
internal_count=21102 17585 10869 3517 6716 7078 3320 3445 3791 932 884 3396 2585 3633 261 2320 623 1756 1313 2015 2125 2211 3232
is_linear=0
shrinkage=0.03


Tree=2
num_leaves=24
num_cat=0
split_feature=0 1 8 0 0 25 8 1 6 8 3 25 8 1 1 12 18 23 25 12 8 3 12
split_gain=3661.19 628.984 474.265 404.163 141.109 68.6179 66.648 45.2327 39.8941 39.4635 32.1308 28.9777 28.0343 27.4588 24.7316 23.7185 21.1336 18.628 17.5381 16.6051 16.1577 14.4476 14.0302
threshold=1.5000000000000002 4.8450000000000006 28.325000000000003 4.5000000000000009 4.5000000000000009 5.5000000000000009 41.205000000000005 3.3350000000000004 0.1188235294117647 14.135000000000002 36.565000000000005 5.5000000000000009 49.830000000000005 6.1050000000000013 4.2750000000000012 6.8750000000000009 0.055000000000000007 3.3875000000000006 2.5000000000000004 6.8050000000000006 57.580000000000005 40.670000000000009 6.6350000000000007
decision_type=2 2 2 2 2 2 2 2 2 2 2 2 2 2 2 2 2 2 2 2 2 2 2
left_child=2 4 9 6 7 12 8 -2 -3 -1 17 -6 -5 -4 -12 22 20 -11 -14 21 -17 -20 -8
right_child=1 3 13 5 11 -7 15 -9 -10 10 14 -13 18 -15 -16 16 -18 -19 19 -21 -22 -23 -24
leaf_value=-0.0082252328394648144 -0.03878672640612877 -0.013889069252147852 0.038112539685564086 -0.019400740499383274 -0.03431155824533464 -0.03163317631490329 0.019132437750296223 -0.019884625412460118 -0.001452491156012686 0.02996661117953409 0.010956634590532031 -0.047570462477553574 0.033572795245057713 0.046206745172981678 0.037074423734825723 0.0012321888518623354 -0.012692293293171694 0.0066523206985116701 -0.0043127109779223429 -0.015492628686033634 0.030691964548587723 0.028661569113938488 0.0064843493543026449
leaf_weight=87.433116257190704 130.02535446733236 319.77154180407524 719.23225528001785 509.37746452540159 318.07798314094543 397.62962838634849 87.434995517134666 921.00460969656706 847.08480170369148 34.151642143726349 56.049615085124969 278.01876574754715 9.885724797844885 793.20044153928757 78.094383105635643 265.61905886232853 104.5019316226244 318.41318161785603 44.064276620745659 94.546681135892868 17.883827656507492 16.413313359022141 811.74207919090986
leaf_count=167 575 1134 1277 1882 1363 1832 196 3151 2226 62 91 1442 22 1308 135 704 353 477 135 321 42 37 2170
internal_value=3.80874e-11 -0.0135306 0.0335453 -0.00638083 -0.0288359 -0.021749 0.000331928 -0.022223 -0.00486068 0.0103317 0.0136653 -0.0404955 -0.0159202 0.0423576 0.0261616 0.00503913 -0.00116026 0.00891069 -0.00516943 -0.00763998 0.00309056 0.00463634 0.00771424
internal_weight=7259.66 5173.08 2086.57 3525.96 1647.13 1071.92 2454.04 1051.03 1166.86 574.142 486.709 596.097 674.287 1512.43 134.144 1287.18 388.005 352.565 164.91 155.024 283.503 60.4776 899.177
internal_count=21102 17585 3517 11054 6531 4229 6825 3726 3360 932 765 2805 2397 2585 226 3465 1099 539 515 493 746 172 2366
is_linear=0
shrinkage=0.03


Tree=3
num_leaves=24
num_cat=0
split_feature=0 1 8 0 0 8 25 1 8 6 3 1 8 25 1 12 25 23 23 25 12 8 9
split_gain=2818.73 530.677 478.332 322.18 118.385 64.0272 61.3969 38.5805 38.4815 32.9985 30.1696 25.9004 25.2139 24.8656 23.5648 20.2977 18.0539 21.0946 17.7351 15.7927 15.6462 14.0202 13.7669
threshold=1.5000000000000002 4.8450000000000006 28.325000000000003 4.5000000000000009 4.5000000000000009 42.380000000000003 5.5000000000000009 3.3350000000000004 14.135000000000002 0.1188235294117647 36.565000000000005 4.2750000000000012 35.360000000000007 5.5000000000000009 6.1050000000000013 6.6350000000000007 3.5000000000000004 3.4722222222222228 3.3875000000000006 2.5000000000000004 6.8950000000000005 26.695000000000004 39.765000000000008
decision_type=2 2 2 2 2 2 2 2 2 2 2 2 2 2 2 2 2 2 2 2 2 2 2
left_child=2 4 8 5 7 9 12 -2 -1 -3 18 -12 -5 -6 -4 -7 17 -17 -10 -14 -21 -20 -11
right_child=1 3 14 6 13 15 -8 -9 10 22 11 -13 19 -15 -16 16 -18 -19 21 20 -22 -23 -24
leaf_value=-0.010618415377583049 -0.037243330979610377 -0.012347753133542477 0.036996025724596482 -0.025397814350511295 -0.032729082931221204 0.020439127070327433 -0.030093494999696747 -0.01877171655781007 0.028410159871472013 -0.0038430719647480852 0.0084090850828033008 0.036421229015003088 0.018014793664309046 -0.046037291713208126 0.045047847906976329 0.0089245515964780885 -0.00185354039311039 -0.0055611191306973754 0.0069705265541368661 -0.0089801663221307209 -0.02200916256092628 -0.011495903579293636 0.0042643635183379092
leaf_weight=86.850310817360878 115.48233319073915 330.62805420160294 625.88129641115665 143.02339911460876 275.92745068669319 77.941904485225677 348.71855984628201 856.77587874978781 30.315343379974365 575.81505900621414 53.216719180345535 67.243985086679459 16.269629254937172 233.10648791491985 685.32719612121582 667.88130973279476 286.64815807342529 104.65412963926792 260.2663946300745 350.80930108577013 108.64234807342291 43.135038733482361 280.23951537907124
leaf_count=167 575 1232 1277 609 1363 170 1832 3151 62 1639 91 135 44 1442 1308 1775 944 302 405 1309 435 72 763
internal_value=1.2838e-11 -0.0121909 0.0314116 -0.00547967 -0.0271024 0.000576609 -0.0200266 -0.0209657 0.00767794 -0.00429801 0.0111767 0.0240461 -0.014353 -0.0388234 0.0412045 0.00566366 0.00457639 0.0069622 0.00653123 -0.0110324 -0.012061 0.00434513 -0.00118901
internal_weight=6624.8 4772.56 1852.24 3291.27 1481.29 2323.81 967.463 972.258 541.028 1186.68 454.177 120.461 618.745 509.034 1311.21 1137.13 1059.18 772.535 333.717 475.721 459.452 303.401 856.055
internal_count=21102 17585 3517 11054 6531 6825 4229 3726 932 3634 765 226 2397 2805 2585 3191 3021 2077 539 1788 1744 477 2402
is_linear=0
shrinkage=0.03


Tree=4
num_leaves=24
num_cat=0
split_feature=0 1 8 0 0 25 8 8 1 3 1 8 25 18 23 1 6 23 12 3 3 12 25
split_gain=2283.1 473.033 458.72 267.868 102.252 55.3635 53.2336 33.8778 32.2372 34.1683 25.4738 23.0716 22.5565 22.1449 21.3726 20.5713 19.069 19.0187 18.3483 16.3386 14.9366 14.6531 15.0881
threshold=1.5000000000000002 4.8450000000000006 28.325000000000003 4.5000000000000009 4.5000000000000009 5.5000000000000009 41.205000000000005 8.1100000000000012 3.0650000000000004 36.565000000000005 4.2750000000000012 39.105000000000011 5.5000000000000009 0.055000000000000007 3.3875000000000006 6.1050000000000013 0.1188235294117647 3.4722222222222228 6.8650000000000011 28.540000000000003 41.57500000000001 6.8050000000000006 2.5000000000000004
decision_type=2 2 2 2 2 2 2 2 2 2 2 2 2 2 2 2 2 2 2 2 2 2 2
left_child=2 4 8 6 7 11 16 -2 -1 14 -11 -5 -6 17 -10 -4 -3 -8 20 -19 -15 -13 -23
right_child=1 3 15 5 12 -7 13 -9 9 10 -12 21 -14 18 -16 -17 -18 19 -20 -21 -22 22 -24
leaf_value=-0.034002522496881571 -0.039837904486466902 -0.010684608601761689 0.035944660781041596 -0.021064694289593563 -0.031505538770295327 -0.028941684425566522 0.0093548270976700088 -0.018408631363022523 0.027331495543681566 0.0086140264141561663 0.034916480769446777 -0.0014923594716995052 -0.044945550239280013 -0.00078618612497733471 0.0006522551090645957 0.043895948260162923 -0.0016281033850551023 -0.026188484762644581 -0.012638306584568675 0.0018544555722237888 0.019133627363680707 0.020701709552924441 -0.015518315332027828
leaf_weight=17.384954273700714 72.066348887979984 289.77148868143559 561.16603834927082 212.65803643316031 252.19844741746783 308.44404907524586 756.58621617406607 843.86699906736612 29.391593784093857 73.168103888630867 60.575044609606266 151.37848028540611 202.72850568592548 172.32360637187958 335.50990529358387 612.4303050711751 752.92831593751907 22.867897853255272 96.203685559332371 102.56067416071892 42.168710708618164 10.904566645622252 203.86746356636286
leaf_count=48 396 1134 1277 948 1363 1832 2035 3330 66 125 136 556 1442 572 557 1308 2226 73 387 292 106 28 865
internal_value=-2.2195e-11 -0.0111784 0.0297288 -0.0047292 -0.025869 -0.018676 0.000806394 -0.0200947 0.00615539 0.00755547 0.020527 -0.0132054 -0.0374948 0.00513499 0.00280118 0.040094 -0.00414495 0.00756116 -0.00175248 -0.00325828 0.00313 -0.00864084 -0.0136793
internal_weight=6183.15 4493.52 1689.63 3122.66 1370.86 887.253 2235.41 915.933 516.03 498.645 133.743 578.809 454.927 1192.71 364.901 1173.6 1042.7 882.015 310.696 125.429 214.492 366.151 214.772
internal_count=21102 17585 3517 11054 6531 4229 6825 3726 932 884 261 2397 2805 3465 623 2585 3360 2400 1065 365 678 1449 893
is_linear=0
shrinkage=0.03


Tree=5
num_leaves=24
num_cat=0
split_feature=0 8 8 25 17 25 1 8 23 8 1 3 1 6 1 2 12 8 3 4 8 8 2
split_gain=1905.53 427.162 404.64 209.919 120.858 41.2354 35.74 35.6433 28.9891 25.7065 20.9216 19.5854 25.206 19.1086 18.1321 18.1137 16.9588 17.4375 18.3124 17.2288 15.6527 14.9678 14.6702
threshold=1.5000000000000002 28.325000000000003 30.470000000000002 4.5000000000000009 0.012352941176470551 5.5000000000000009 3.3350000000000004 41.205000000000005 3.1339285714285716 14.135000000000002 2.3050000000000002 36.565000000000005 4.2750000000000012 0.1188235294117647 6.1050000000000013 4.8550000000000013 6.9250000000000007 54.585000000000001 28.715000000000003 27.225000000000005 43.435000000000009 26.695000000000004 5.3150000000000004
decision_type=2 2 2 2 2 2 2 2 2 2 2 2 2 2 2 2 2 2 2 2 2 2 2
left_child=1 8 4 7 10 -5 -6 13 -1 -10 -2 21 -13 -4 -3 -8 17 18 -9 -18 -20 22 -11
right_child=2 14 3 5 6 -7 15 16 9 11 -12 12 -14 -15 -16 -17 19 -19 20 -21 -22 -23 -24
leaf_value=0.038406289689118286 -0.048989587570115796 0.034891074664680395 -0.010269466630358558 -0.011938264088219186 -0.034199819102082675 -0.026799851052633397 -0.01811262934590864 -0.0041726530180345193 -0.01238281120655439 0.002285520631012815 -0.032359633754450501 0.0030287665050626176 0.03370091253135641 -0.0004634718013998914 0.042703473677693643 -0.0091686044500692288 0.023542534882516494 0.013978445719994957 0.015702686183439868 -0.007264741527747161 0.0041544291606108626 -0.013390988496200094 0.020867557236980815
leaf_weight=22.634633168578148 81.797823654487729 512.99722207337618 254.05778226256371 442.54718424752355 98.172885753214359 270.87593650445342 617.07831043563783 184.09650783985853 75.57616188377142 209.22406646609306 406.15353796631098 47.906761452555656 48.550914160907269 604.16636660695076 558.4340890571475 304.27746939659119 18.255756050348282 203.15158582478762 133.49688257277012 155.49848087131977 506.09453846514225 43.295315265655518 46.788797497749329
leaf_count=50 626 1277 1039 1941 573 1728 2474 580 164 357 2580 89 120 1841 1308 1150 51 607 374 517 1504 78 74
internal_value=-9.70906e-12 0.0283221 -0.0103595 -0.00355713 -0.0228689 -0.017581 -0.0169924 0.00130242 0.00524228 0.00364969 -0.0351474 0.00671128 0.0184673 -0.00336631 0.0389629 -0.0151589 0.00463978 0.00610647 0.00416495 -0.00402793 0.00656481 0.0029227 0.00568157
internal_weight=5845.13 1565.41 4279.72 2772.24 1507.48 713.423 1019.53 2058.82 493.977 471.342 487.951 395.766 96.4577 858.224 1071.43 921.356 1200.59 1026.84 823.688 173.754 639.591 299.308 256.013
internal_count=21102 3517 17585 10182 7403 3669 4197 6513 932 882 3206 718 209 2880 2585 3624 3633 3065 2458 568 1878 509 431
is_linear=0
shrinkage=0.03


Tree=6
num_leaves=24
num_cat=0
split_feature=0 8 1 0 25 8 25 23 8 1 3 1 6 8 25 1 12 8 1 9 25 12 8
split_gain=1611.92 399.571 369.203 206.543 81.8766 46.8258 44.0185 25.2801 24.2498 23.7295 23.207 22.0806 19.7754 18.0735 16.8041 16.5286 15.5665 17.0428 14.6785 13.054 12.3511 12.3036 12.6234
threshold=1.5000000000000002 28.325000000000003 4.8450000000000006 4.5000000000000009 4.5000000000000009 42.380000000000003 5.5000000000000009 3.1339285714285716 6.5050000000000008 3.0650000000000004 36.380000000000003 4.2750000000000012 0.1188235294117647 33.20000000000001 5.5000000000000009 6.1050000000000013 6.6350000000000007 56.775000000000006 3.6050000000000004 66.385000000000005 2.5000000000000004 6.8050000000000006 50.970000000000006
decision_type=2 2 2 2 2 2 2 2 2 2 2 2 2 2 2 2 2 2 2 2 2 2 2
left_child=1 7 4 5 8 12 13 -1 -2 -9 -11 18 -4 -5 -6 -3 -7 -18 -12 -19 -15 22 -22
right_child=2 15 3 6 14 16 -8 9 -10 10 11 -13 -14 20 -16 -17 17 19 -20 -21 21 -23 -24
leaf_value=0.037209317567399258 -0.040523833603851429 0.033907471666083572 -0.0099401317145017629 -0.02598898284836592 -0.029208362544656703 0.019301989143340293 -0.026938123576871722 -0.034856516291856078 -0.017170440281952692 4.0488360635508411e-05 0.023194912403191225 0.031708257188139133 -0.00078456359680557225 0.014257342187834676 -0.042025283034848877 0.041678325429345388 0.0031821000143602272 0.018540961020849161 -0.0052497986614845459 -0.016175982771515201 -0.0092260747928409048 -0.014792145752791924 0.0094312718812489503
leaf_weight=20.258155703544617 42.095189578831196 474.08991777151823 293.52480202168226 70.581824634224176 196.03384105861187 69.915109679102898 262.35150259360671 14.460490509867666 810.79577466100454 321.73553340137005 25.629895001649857 46.436097659170628 767.50165316462517 18.624636754393578 173.58538148738444 512.80452187359333 858.60078182816505 106.67619279026985 44.985682129859924 10.727984070777891 127.34379079192877 261.10184286162257 43.885473228991032
leaf_count=50 283 1277 1232 402 1257 170 1832 47 3508 586 42 123 2402 47 1483 1308 2668 317 84 36 579 1211 158
internal_value=-1.31206e-11 0.0270758 -0.00961298 -0.00376816 -0.0234341 0.00112303 -0.0169148 0.00442128 -0.0183231 0.0029558 0.00420193 0.0156403 -0.00331738 -0.0118727 -0.0352276 0.0379453 0.00562758 0.00464803 0.0050742 0.0153686 -0.00966327 -0.0106938 -0.00444426
internal_weight=5573.75 1460.4 4113.35 2890.84 1222.51 2106.95 783.889 473.506 852.891 453.248 438.787 117.052 1061.03 521.538 369.619 986.894 1045.92 976.005 70.6156 117.404 450.956 432.331 171.229
internal_count=21102 3517 17585 11054 6531 6825 4229 932 3791 882 835 249 3634 2397 2740 2585 3191 3021 126 353 1995 1948 737
is_linear=0
shrinkage=0.03


Tree=7
num_leaves=24
num_cat=0
split_feature=0 8 8 0 17 25 8 1 24 3 8 3 1 23 1 1 1 8 18 12 0 12 2
split_gain=1384 372.128 339.028 162.543 98.1768 39.267 32.5404 30.4118 24.6821 24.6066 19.9061 20.0265 17.4894 17.1351 16.7171 15.3368 13.7469 13.3588 11.9084 14.9637 11.879 11.727 15.5043
threshold=1.5000000000000002 28.325000000000003 30.885000000000002 4.5000000000000009 0.012352941176470551 5.5000000000000009 50.855000000000011 3.3350000000000004 0.18333333333333332 28.795000000000005 16.450000000000006 36.380000000000003 2.3050000000000002 2.8944444444444448 4.6250000000000009 6.1050000000000013 4.3850000000000007 49.830000000000005 0.047058823529411757 6.8550000000000013 5.5000000000000009 6.7350000000000012 5.3250000000000011
decision_type=2 2 2 2 2 2 2 2 2 2 2 2 2 2 2 2 2 2 2 2 2 2 2
left_child=1 8 4 6 12 17 9 -6 10 -4 -1 -12 -2 21 -9 -3 -13 -5 -8 -20 -14 22 -11
right_child=2 15 3 5 7 -7 18 14 -10 13 11 16 20 -15 -16 -17 -18 -19 19 -21 -22 -23 -24
leaf_value=-0.0086518345420098768 -0.046886761635502705 0.032901965506175995 -0.0061104546696544044 -0.01306092344238196 -0.032390844139913381 -0.025330046659023168 0.016131953486599664 -0.017065281798609687 0.028537256061051345 -0.002829754698999788 0.0016045184599299113 0.0074796801942693036 -0.025927240297982899 0.00016591683048231351 -0.0084288053389328793 0.04065865199328926 0.03363522190075928 -0.001426770359914185 0.01128785860952634 -0.004389773136874487 -0.037109019333603596 0.0045058660288209281 0.025105613185268636
leaf_weight=117.36843614280224 67.80157701857388 442.67278738319874 426.69798883423209 343.04511956498027 88.456659931689501 224.83552122488618 155.94901496171951 555.64101858064532 33.681431800127029 24.405414409935474 234.17691551148891 38.935769960284233 219.84227518364787 792.89816409349442 316.66910185292363 476.22118669003248 33.771249808371067 119.86245262622833 146.68233349919319 87.463889963924885 139.93237644247711 185.75390503555536 66.882831931114197
leaf_count=253 626 1277 1493 1659 573 1674 460 2438 78 85 427 77 1440 2628 1270 1308 97 515 431 315 1201 598 179
internal_value=1.36372e-13 0.0259117 -0.00900266 -0.00255887 -0.0209517 -0.0150443 0.00199225 -0.0156297 0.00381845 -1.91818e-05 0.00185602 0.00587477 -0.0329103 0.00241005 -0.01393 0.0369219 0.0196285 -0.0100484 0.00970928 0.00543158 -0.0302763 0.00883279 0.0176372
internal_weight=5339.65 1376.83 3962.82 2574.48 1388.34 687.743 1886.73 960.767 457.934 1496.64 424.252 306.884 427.576 1069.94 872.31 918.894 72.707 462.908 390.095 234.146 359.775 277.042 91.2882
internal_count=21102 3517 17585 10037 7548 3848 6189 4281 932 4983 854 601 3267 3490 3708 2585 174 2174 1206 746 2641 862 264
is_linear=0
shrinkage=0.03


Tree=8
num_leaves=24
num_cat=0
split_feature=0 8 1 0 25 8 25 23 8 6 1 3 8 8 1 2 4 8 2 12 25 23 8
split_gain=1214.43 340.251 305.996 151.548 71.7997 39.2487 35.92 21.5268 20.2257 19.0261 18.9051 18.3756 19.5841 14.877 14.5063 14.007 13.9696 13.9387 12.8231 12.745 11.9716 11.8124 11.2809
threshold=1.5000000000000002 28.325000000000003 4.8650000000000011 4.5000000000000009 4.5000000000000009 42.380000000000003 5.5000000000000009 3.1339285714285716 6.5050000000000008 0.1188235294117647 3.0650000000000004 40.055000000000007 14.465000000000002 49.830000000000005 6.1050000000000013 3.0300000000000007 41.010000000000005 10.825000000000001 4.8550000000000013 6.6350000000000007 3.5000000000000004 3.0500000000000003 56.775000000000006
decision_type=2 2 2 2 2 2 2 2 2 2 2 2 2 2 2 2 2 2 2 2 2 2 2
left_child=1 7 4 5 8 9 13 -1 -2 -4 -9 12 17 -5 -3 -6 21 -12 -10 -7 22 -11 -21
right_child=2 14 3 6 15 19 -8 10 18 16 11 -13 -14 -15 -16 -17 -18 -19 -20 20 -22 -23 -24
leaf_value=0.035896571507525336 -0.038761819427067502 0.031910358828716845 -0.010009986517583376 -0.013282680727368205 -0.040995208926017226 0.018396920562413651 -0.024682891812186535 -0.033386955807554665 -0.01811591229332989 0.0078589129821369889 2.4084479096984858e-05 0.017809308412472455 0.0033147378716789373 -0.00096469869167556453 0.039692997440618799 -0.028354826885553509 -0.012368180434147792 -0.033824186678280098 -0.0094289553714680362 0.0052046594954788979 -0.0010400584359314109 -0.0014606456601688191 0.017324725309427146
leaf_weight=17.821689531207085 35.966278940439224 416.24672968685627 259.27904509007931 357.71569555625319 131.32407741621137 63.611470907926559 230.25526231899858 12.994356058537958 560.56808357685804 165.10826032608747 20.44233151525259 66.474987931549549 301.54163885116577 117.13872875273228 447.04413651674986 197.63466669991612 79.737991385161877 23.578852213919163 210.30918702483177 608.45200984925032 254.17181245982647 473.23145937919617 77.97300860285759
leaf_count=50 283 1277 1210 1860 1203 170 1815 47 2661 531 46 152 583 515 1308 1573 271 54 918 1834 944 1554 243
internal_value=3.8684e-11 0.0249738 -0.00853357 -0.00301469 -0.0215882 0.00123554 -0.0149591 0.00359545 -0.0167719 -0.00304418 0.00224105 0.00336465 0.000585967 -0.010244 0.0359405 -0.033401 -0.000529004 -0.0181059 -0.015746 0.00540082 0.00452191 0.000949883 0.00658141
internal_weight=5128.62 1306.14 3822.48 2686.67 1135.8 1981.57 705.11 442.854 806.844 977.357 425.032 412.038 345.563 474.854 863.291 328.959 718.078 44.0212 770.877 1004.21 940.597 638.34 686.425
internal_count=21102 3517 17585 10947 6638 6757 4190 932 3862 3566 882 835 683 2375 2585 2776 2356 100 3579 3191 3021 2085 2077
is_linear=0
shrinkage=0.03


Tree=9
num_leaves=24
num_cat=0
split_feature=0 8 8 25 17 25 8 1 5 23 0 1 1 3 3 8 1 20 23 23 13 8 12
split_gain=1094.13 298.066 279.34 124.049 76.5604 28.8579 27.2225 24.3435 20.0546 17.943 17.3216 15.1122 14.4864 14.301 14.039 17.005 13.7206 13.2172 11.7552 11.6087 12.0344 10.288 10.2229
threshold=1.5000000000000002 28.325000000000003 30.470000000000002 4.5000000000000009 0.012352941176470551 5.5000000000000009 40.260000000000005 3.3350000000000004 0.22500000000000003 3.1339285714285716 3.5000000000000004 2.3050000000000002 3.0650000000000004 40.055000000000007 31.830000000000002 23.555000000000003 6.1050000000000013 0.12500000000000003 3.4722222222222228 3.5857142857142867 -1.0000000180025095e-35 14.465000000000002 6.745000000000001
decision_type=2 2 2 2 2 2 2 2 2 2 2 2 2 2 2 2 2 2 2 2 2 2 2
left_child=1 8 4 6 11 19 -4 -6 9 -1 18 -2 -11 21 -9 -16 -3 -15 -8 20 -5 -14 -12
right_child=2 16 3 5 7 -7 10 14 -10 12 22 -13 13 17 15 -17 -18 -19 -20 -21 -22 -23 -24
leaf_value=0.035323109708249693 -0.045069522519199538 0.031014723663313433 -0.0032316436769424224 -0.015688566350815312 -0.030609613892798055 -0.023183478336212395 0.0082138583033215008 -0.017499502208247853 -0.037088025990583445 -0.031987667283643856 0.0077272399305266743 -0.028471417265724684 -0.012832076252789858 0.028570135455907881 -0.014897024747654199 -0.002779662272279246 0.038810447009427311 -0.00028430078062627453 -0.0019101661523059606 -0.020768824557773482 -0.0029666918386075281 0.0040838358436592571 -0.0040271883317694879
leaf_weight=16.920285917818546 58.538519220426679 392.95333684235811 687.70478177443147 97.050330955535173 80.191049791872501 210.5680766813457 693.66932187229395 374.17756362818182 10.411929428577421 9.936950318515299 87.917845316231251 315.16603845730424 36.434194423258305 38.884494014084339 234.84258691966534 187.41395979747176 420.75854951888323 22.586580619215965 121.26524847745895 65.926735103130341 215.56519615277648 289.22604395449162 274.50657819584012
leaf_count=50 626 1277 2588 502 573 1728 2107 1719 27 40 305 2580 93 94 1099 806 1308 54 399 365 1074 574 1114
internal_value=-1.86384e-11 0.0244154 -0.00816006 -0.00227999 -0.0197016 -0.0142809 0.00151068 -0.0148546 0.00403345 0.00506767 0.00428071 -0.0310714 0.00377839 0.00469644 -0.0132683 -0.00951887 0.0350458 0.017968 0.00670737 -0.00932873 -0.00691615 0.00219132 -0.00117577
internal_weight=4942.62 1238.11 3704.5 2454.17 1250.33 589.11 1865.06 876.625 424.4 413.989 1177.36 373.705 397.068 387.131 796.434 422.257 813.712 61.4711 814.935 378.542 312.616 325.66 362.424
internal_count=21102 3517 17585 10182 7403 3669 6513 4197 932 905 3925 3206 855 815 3624 1905 2585 148 2506 1941 1576 667 1419
is_linear=0
shrinkage=0.03


Tree=10
num_leaves=24
num_cat=0
split_feature=0 8 1 0 25 25 8 5 2 25 23 8 2 1 1 23 1 3 12 20 6 4 4
split_gain=978.05 272.476 250.987 119.964 61.9625 29.8123 27.5666 20.0045 19.1858 16.3071 15.2422 13.7502 13.2234 13.006 12.5593 11.4076 11.377 11.6137 10.5098 10.1935 10.1472 10.5722 9.70679
threshold=1.5000000000000002 28.325000000000003 4.9250000000000007 4.5000000000000009 4.5000000000000009 5.5000000000000009 40.260000000000005 0.22500000000000003 4.5850000000000009 3.5000000000000004 3.1339285714285716 49.830000000000005 3.0300000000000007 6.1050000000000013 3.3350000000000004 3.4722222222222228 3.0650000000000004 40.055000000000007 6.9450000000000012 0.12500000000000003 0.1188235294117647 41.010000000000005 26.340000000000003
decision_type=2 2 2 2 2 2 2 2 2 2 2 2 2 2 2 2 2 2 2 2 2 2 2
left_child=1 7 4 6 8 11 20 10 14 15 -1 -5 -6 -3 -2 -8 -12 -18 -13 -19 -4 22 -22
right_child=2 13 3 5 12 -7 9 -9 -10 -11 16 18 -14 -15 -16 -17 17 19 -20 -21 21 -23 -24
leaf_value=0.033799748135272568 -0.030505268624353071 0.030154134218084015 -0.0090523691385197367 -0.012309500857188916 -0.039026822539722207 -0.023113911342487685 0.0080681227984540378 -0.037807449819974789 -0.009049630113912497 -0.0016519465236402417 -0.031060172437552085 0.0027483599231364403 -0.026221607931145377 0.037949840009110621 -0.016865522717013942 -0.0020268865453014033 0.0022829543982856946 0.026611681361507194 -0.030034549934260239 0.00067258227483247505 -0.01025799579607063 -0.012828829557937132 0.0021843218313309242
leaf_weight=15.844715915620325 70.398543164134026 372.72580137848854 190.54776398092508 329.9129208214581 117.30849826149642 203.73015134036541 693.64294585585594 10.089599236845968 286.8960879445076 293.28694789856672 8.2566083222627622 101.29154713451862 190.34799896925688 398.57232486829162 443.60719239711761 117.86333006620407 317.48808195069432 36.297103546559811 9.6387562528252584 21.838757298886776 65.329507358372211 60.397399514913559 414.27961015701294
leaf_count=50 523 1277 961 1814 1209 1778 2168 27 1318 1175 40 462 1648 1308 2185 403 667 94 53 54 243 220 1425
internal_value=-1.83538e-11 0.0236794 -0.00779384 -0.00248925 -0.0196606 -0.0136232 0.00142101 0.00391167 -0.0152647 0.00441079 0.00496471 -0.00923724 -0.0311042 0.0341826 -0.0187336 0.00660192 0.00377455 0.00454025 -0.000100154 0.0168676 -0.00310034 -0.00100009 0.000489503
internal_weight=4769.59 1181.11 3588.48 2479.92 1108.56 644.573 1835.35 409.815 800.902 1104.79 399.725 440.843 307.656 771.298 514.006 811.506 383.881 375.624 110.93 58.1359 730.554 540.007 479.609
internal_count=21102 3517 17585 10702 6883 4107 6595 932 4026 3746 905 2329 2857 2585 2708 2571 855 815 515 148 2849 1888 1668
is_linear=0
shrinkage=0.03


Tree=11
num_leaves=24
num_cat=0
split_feature=0 8 8 25 17 25 8 8 6 3 24 5 12 1 1 2 3 8 4 1 23 22 5
split_gain=873.97 253.37 237.747 102.845 63.8124 24.1124 23.3625 21.457 21.2028 16.0926 15.8799 14.1446 13.9547 13.0591 12.4265 10.8118 10.6246 10.63 10.5553 10.0438 16.1008 10.0274 9.94236
threshold=1.5000000000000002 28.325000000000003 30.470000000000002 4.5000000000000009 0.012352941176470551 5.5000000000000009 42.220000000000006 15.205000000000002 0.1188235294117647 31.830000000000002 0.18333333333333332 0.22500000000000003 6.6350000000000007 2.3050000000000002 6.1050000000000013 4.8950000000000005 34.925000000000004 53.650000000000006 34.465000000000011 3.9750000000000005 3.4722222222222228 24.950000000000003 0.20500000000000004
decision_type=2 2 2 2 2 2 2 2 2 2 2 2 2 2 2 2 2 2 2 2 2 2 2
left_child=1 10 4 6 13 15 8 -6 -4 -9 11 19 -8 -2 -3 -5 17 -14 -19 20 21 -1 -21
right_child=2 14 3 5 7 -7 12 9 -10 -11 -12 -13 16 -15 -16 -17 -18 18 -20 22 -22 -23 -24
leaf_value=-0.041901076591752351 -0.043295141517982978 0.029347047320128817 -0.010101209110827791 -0.018991759321075261 -0.023983359651900505 -0.02181211564802937 0.018675578308104852 -0.016550704698479336 0.00084725470165715586 -0.0072390704423138975 0.025132403002197389 -0.035357505799517026 -0.0016077620993117003 -0.026944816517751453 0.037162450440306236 -0.0059897974983350926 0.0072947752842715879 0.016369071752075585 -0.0018701970850509744 0.0044840404116065257 0.0079025483166057005 -0.0094268136550017378 0.026381517278255884
leaf_weight=10.257984109222887 51.917522957548499 355.09113168716431 220.70948032662272 72.16934235394001 156.77534492313862 191.84525839798152 60.528031788766384 317.66647502034903 571.17543033882976 352.27423830702901 28.711202353239059 8.9157667607068998 379.85086433961987 287.01060994528234 378.02605334296823 284.35539198294282 423.84444984793663 68.130549408495426 49.161723017692566 226.56548361480236 51.441761124879122 51.627495750784874 20.336416900157928
leaf_count=28 626 1277 1131 412 979 1728 177 1557 1990 1661 78 27 1344 2580 1308 1529 1463 231 177 500 120 135 44
internal_value=1.83221e-11 0.0229166 -0.00743188 -0.00188179 -0.0184867 -0.0132363 0.00162926 -0.0139924 -0.00220424 -0.0116544 0.0036415 0.00196999 0.00472211 -0.0294494 0.033377 -0.00862171 0.00380508 0.000829906 0.00872429 0.00289386 -0.00450009 -0.0148097 0.00628766
internal_weight=4618.39 1130.97 3487.41 2321.77 1165.64 548.37 1773.4 826.716 791.885 669.941 397.856 369.145 981.516 338.928 733.117 356.525 920.988 497.143 117.292 360.229 113.327 61.8855 246.902
internal_count=21102 3517 17585 10182 7403 3669 6513 4197 3121 3218 932 854 3392 3206 2585 1941 3215 1752 408 827 283 163 544
is_linear=0
shrinkage=0.03


Tree=12
num_leaves=24
num_cat=0
split_feature=0 8 8 25 17 8 25 1 6 23 25 1 12 1 8 23 23 12 3 20 1 4 13
split_gain=779.143 235.559 217.01 92.559 59.4364 22.7316 22.5609 20.7071 18.2016 14.1784 12.0025 11.8815 10.8266 10.7416 10.5657 10.0294 8.92979 16.966 17.5121 13.7354 13.0875 12.7328 8.88842
threshold=1.5000000000000002 28.325000000000003 30.470000000000002 4.5000000000000009 0.012352941176470551 42.220000000000006 5.5000000000000009 3.3350000000000004 0.1188235294117647 3.1339285714285716 5.5000000000000009 6.1050000000000013 6.8750000000000009 4.6250000000000009 6.5050000000000008 3.5857142857142867 3.7071428571428573 6.8650000000000011 28.875000000000004 0.20500000000000004 3.8650000000000007 26.255000000000006 -1.0000000180025095e-35
decision_type=2 2 2 2 2 2 2 2 2 2 2 2 2 2 2 2 2 2 2 2 2 2 2
left_child=1 9 4 5 10 8 15 -6 -4 -1 -2 -3 -7 -9 -11 22 20 19 -19 21 -16 -18 -5
right_child=2 11 3 6 7 12 -8 13 -10 14 -12 -13 -14 -15 16 -17 17 18 -20 -21 -22 -23 -24
leaf_value=0.032407671244338597 -0.023879155443955555 0.028515766186463093 -0.0095995569551394887 -0.013852547057464517 -0.028798666834758343 0.0067910088087646822 -0.02119411334995237 -0.014594056681784954 0.00066626156715316061 -0.0315401449723356 -0.035649354812931432 0.036348695947634471 -0.00017646670260832971 -0.0069837400846443423 -0.013865065323410822 -0.019477008574345176 -0.0047603099558081591 -0.036405817009747973 0.0082404383529811817 -0.020011507252791601 0.0032549395115942345 0.024372112218034717 -0.0023627542919418807
leaf_weight=14.562828510999678 191.09831273369491 338.78387152403593 215.25699724256992 87.121560983359814 72.104294493794441 675.31624358147383 183.69193577393889 481.06070948764682 559.37113333493471 8.1541408114135248 131.71804407984018 358.94537367299199 285.60302247107029 255.61251483112574 51.649193853139877 58.670830722898245 16.557666778564453 13.048321977257727 20.067282289266586 8.9328083842992765 181.09826619178057 73.177033647894859 199.02162743732333
leaf_count=50 1635 1277 1131 502 573 2331 1728 2429 1990 36 1571 1308 1061 1195 135 365 39 26 50 21 416 159 1074
internal_value=-1.28312e-11 0.0221315 -0.00707147 -0.00170977 -0.017799 0.00163752 -0.0127019 -0.0134552 -0.00218645 0.00336823 -0.0286817 0.0325454 0.00472015 -0.0119534 0.0022335 -0.00817782 0.00298898 0.00922902 -0.00935123 0.0154651 -0.000544176 0.0189967 -0.00586103
internal_weight=4480.62 1084.98 3395.65 2264.05 1131.59 1735.55 528.506 808.778 774.628 387.248 322.816 697.729 960.919 736.673 372.685 344.814 364.531 131.783 33.1156 98.6675 232.747 89.7347 286.143
internal_count=21102 3517 17585 10182 7403 6513 3669 4197 3121 932 3206 2585 3392 3624 882 1941 846 295 76 219 551 198 1576
is_linear=0
shrinkage=0.03


Tree=13
num_leaves=24
num_cat=0
split_feature=0 8 1 0 25 8 25 3 8 8 9 23 3 1 2 12 10 24 2 23 1 12 12
split_gain=719.402 208.781 200.19 89.8049 49.5533 23.5363 22.9119 18.5095 16.2583 14.1298 14.0494 12.2764 11.3739 11.1934 10.7034 10.4178 13.7245 11.021 9.77891 9.69786 11.0166 9.45939 9.2828
threshold=1.5000000000000002 28.325000000000003 4.9250000000000007 4.5000000000000009 4.5000000000000009 50.970000000000006 5.5000000000000009 28.795000000000005 15.205000000000002 49.830000000000005 36.70000000000001 3.1339285714285716 31.590000000000003 6.1050000000000013 3.0300000000000007 6.7350000000000012 1.0000000180025095e-35 0.10555555555555557 4.2550000000000008 3.7071428571428573 3.8650000000000007 6.955000000000001 6.9650000000000007
decision_type=2 2 2 2 2 2 2 2 2 2 2 2 2 2 2 2 2 2 2 2 2 2 2
left_child=1 11 4 5 8 7 9 -4 -2 -5 -9 -1 18 -3 -6 17 -17 -12 -10 20 -13 -7 -11
right_child=2 13 3 6 14 21 -8 10 12 22 15 19 -14 -15 -16 16 -18 -19 -20 -21 -22 -23 -24
leaf_value=0.031677451364416027 -0.022893449613344056 0.027849885522378024 -0.005701995903626275 -0.011453151917559285 -0.036784267695474507 0.010176671716194931 -0.021100750987180634 -0.0020259527675443494 -0.022964917295456726 0.0037248475265776676 -0.0069850123735116006 -0.012606627009973073 -0.0079072259956481424 0.035633772151915807 -0.024387276178300374 0.0055519368831647518 -0.0077528787036576351 0.016132769652185689 -0.011504480109734551 0.0094426430869509314 0.0027951446751573457 -0.0096705760649876057 -0.034695660793261383
leaf_weight=13.805218927562235 147.85513578727841 324.15738894790411 396.21717508882284 302.0397770665586 100.67135393805802 301.43085549026728 178.40213709883392 445.38638094440103 113.95388301089406 96.009259887039661 22.190467864274979 54.47392612695694 317.98582840897143 341.364800773561 166.09398727677763 337.67293035238981 87.953276887536049 113.43562206998467 162.65517730265856 129.49480216577649 179.60931460931897 23.281806364655495 6.0142637416720381
leaf_count=50 982 1277 1622 1814 1209 1072 1778 1760 636 476 83 156 1591 1308 1648 1223 350 392 817 310 416 93 39
internal_value=2.96717e-11 0.0217347 -0.00682903 -0.0019593 -0.0179756 0.00147533 -0.0121463 -0.000209346 -0.0139908 -0.00819267 0.00195258 0.00390952 -0.0117771 0.0318425 -0.0290656 0.00510978 0.00280257 0.0123504 -0.0162258 0.00285516 -0.000789029 0.00875363 0.00145997
internal_weight=4362.15 1042.91 3319.25 2310.03 1009.22 1727.57 582.465 1402.86 742.45 404.063 1006.64 377.383 594.595 665.522 266.765 561.252 425.626 135.626 276.609 363.578 234.083 324.713 102.024
internal_count=21102 3517 17585 10702 6883 6595 4107 5430 4026 2329 3808 932 3044 2585 2857 2048 1573 475 1453 882 572 1165 515
is_linear=0
shrinkage=0.03


Tree=14
num_leaves=24
num_cat=0
split_feature=0 8 8 0 25 1 25 25 6 8 8 1 2 23 14 23 8 1 5 2 2 4 3
split_gain=636.7 203.225 189.47 72.9093 53.5021 31.4999 17.9644 14.3132 13.6231 13.2115 12.9073 12.8545 12.1059 12.58 12.5873 11.7224 9.93401 9.67044 9.36572 9.02021 9.64037 9.36128 8.88791
threshold=1.5000000000000002 29.220000000000002 35.920000000000009 4.5000000000000009 4.5000000000000009 4.495000000000001 5.5000000000000009 5.5000000000000009 0.1188235294117647 8.1100000000000012 47.480000000000011 3.0650000000000004 6.205000000000001 4.1180555555555562 5.5000000000000009 3.1339285714285716 35.045000000000009 6.1050000000000013 0.17500000000000002 1.3500000000000003 3.8950000000000005 33.560000000000009 45.490000000000009
decision_type=2 2 2 2 2 2 2 2 2 2 2 2 2 2 2 2 2 2 2 2 2 2 2
left_child=1 11 3 5 8 9 -5 -6 10 -2 -4 -1 13 14 19 -13 18 -3 -7 -10 21 -21 -17
right_child=2 17 4 6 7 16 -8 -9 12 -11 -12 15 -14 -15 -16 22 -18 -19 -20 20 -22 -23 -24
leaf_value=-0.029697670653161919 -0.032110275966039943 0.027469940414483331 -0.0059552924747765272 -0.020325627406497303 -0.0054639797816441339 -0.0021756870469708586 -0.033442510222018419 -0.017510354964542736 0.014863387234474132 -0.014706401504741867 0.0045158341683012799 0.03125385476780089 0.0086491027958864111 -0.021049933957490621 -0.022277273140609684 0.0022709673420550323 -0.021274703253353542 0.034939107150360395 -0.01004205511394678 0.006324398955594353 0.0030290994333749058 -0.043935172458241856 0.021913532866822839
leaf_weight=10.140665613114832 43.361871846020222 299.4867461360991 245.88868391513824 240.99096052162349 260.67380341142416 372.44979829341173 154.03397899586707 134.61087959073484 57.487450256943703 414.56263498216867 186.15809255093336 14.215223193168638 436.22473960369825 20.762882858514786 17.360137552022934 337.46881225705147 36.061316788196564 325.63545346260071 214.76572300493717 5.7927480041980726 391.29832960665226 7.8622709810733795 22.089249484241009
leaf_count=48 396 1227 1203 2003 1534 1667 1919 1377 181 2268 754 55 1478 95 67 812 164 1308 1046 22 1378 33 67
internal_value=1.82425e-11 0.0208098 -0.00648013 -0.0144103 0.000155898 -0.0103804 -0.0254404 -0.00956627 0.00296341 -0.0163544 -0.00144355 0.00362988 0.0049959 0.00181226 0.0028016 0.00453407 -0.00599127 0.0313607 -0.0050527 0.00374306 0.00216441 -0.022614 0.0034777
internal_weight=4249.38 1009.04 3240.35 1476.23 1764.12 1081.2 395.025 395.285 1368.84 457.925 432.047 383.914 936.789 500.564 479.801 373.773 623.277 625.122 587.216 462.441 404.953 13.655 359.558
internal_count=21102 3517 17585 9463 8122 5541 3922 2911 5211 2664 1957 982 3254 1776 1681 934 2877 2535 2713 1614 1433 55 879
is_linear=0
shrinkage=0.03


Tree=15
num_leaves=24
num_cat=0
split_feature=0 8 8 25 17 8 8 25 23 1 25 9 12 2 2 3 24 1 5 1 2 1 14
split_gain=575.287 191.06 178.793 66.0981 46.8847 21.3797 18.6245 18.0426 11.6306 11.0102 10.5396 13.9601 13.9232 10.2345 9.9669 9.86237 10.3196 9.69526 9.61274 9.53747 9.1363 12.6363 11.0226
threshold=1.5000000000000002 29.220000000000002 30.470000000000002 4.5000000000000009 0.012352941176470551 38.265000000000008 8.1100000000000012 5.5000000000000009 3.1339285714285716 2.3050000000000002 2.5000000000000004 57.295000000000009 6.8150000000000004 4.8550000000000013 4.8950000000000005 36.265000000000008 0.10555555555555557 3.0650000000000004 0.15500000000000003 6.1050000000000013 5.995000000000001 6.535000000000001 6.5000000000000009
decision_type=2 2 2 2 2 2 2 2 2 2 2 2 2 2 2 2 2 2 2 2 2 2 2
left_child=1 8 4 5 9 -4 -6 14 -1 -2 11 15 -12 -8 -5 16 -7 -10 20 -3 21 -14 -22
right_child=2 19 3 7 6 10 13 -9 17 -11 12 -13 18 -15 -16 -17 -18 -19 -20 -21 22 -23 -24
leaf_value=0.030365421932431271 -0.040857571657999171 0.026734988880130876 -0.0037486865637320326 -0.017424862026818925 -0.032327115943985414 -0.015431678932694067 -0.013869089950124085 -0.019056891745803686 -0.027713575457820407 -0.024297906381110342 0.0063672663087879595 0.020439502002740691 0.0007581281735733413 -0.0061760458647901915 -0.0041853632948719308 0.011881595427583661 0.0039233449485188802 0.0031860066477091805 -0.0067917724387619293 0.034314436815410583 -0.0039194560945122955 0.024802055372713031 0.029952905416155522
leaf_weight=13.884231746196745 42.392339609563351 287.21574734151363 475.80769869312644 63.968588706105947 40.257652424275875 28.562714248895645 475.04876401461661 164.60532176867127 9.3811979405581933 244.82561884634197 329.54344092682004 64.900098420679569 49.519874058663845 231.47210048139095 255.8825471457094 127.70462770015001 187.82357403635979 353.93141493946314 193.45359105616808 311.43264082074165 151.61015283688903 32.637582696974277 9.1693592444062215
leaf_count=56 626 1227 2045 412 395 109 2639 1728 47 2580 1257 213 190 1163 1529 423 672 879 817 1308 640 114 33
internal_value=-2.68765e-11 0.0201411 -0.00620178 -0.00124312 -0.0164413 0.00161636 -0.0124796 -0.0109865 0.00341796 -0.0267421 0.00378903 0.0076774 0.00171273 -0.0113487 -0.0068332 0.0052703 0.00136851 0.00238814 -0.00180217 0.030678 0.0021711 0.0103097 -0.00198769
internal_weight=4145.03 975.845 3169.19 2135.19 1034 1650.73 746.779 484.456 377.197 287.218 1174.93 408.991 765.934 706.521 319.851 344.091 216.386 363.313 436.391 598.648 242.937 82.1575 160.78
internal_count=21102 3517 17585 10182 7403 6513 4197 3669 982 3206 4468 1417 3051 3802 1941 1204 781 926 1794 2535 977 304 673
is_linear=0
shrinkage=0.03


Tree=16
num_leaves=24
num_cat=0
split_feature=0 8 1 0 25 8 25 8 8 2 23 12 6 14 1 4 24 21 8 3 24 12 1
split_gain=508.933 188.967 171.828 69.5702 38.2738 20.8481 18.2495 17.6223 11.4476 11.2699 11.1684 10.705 11.4654 10.2528 9.16093 8.52716 14.3448 8.52538 8.37202 8.57945 9.51641 8.06084 7.76307
threshold=1.5000000000000002 29.220000000000002 4.9250000000000007 4.5000000000000009 5.5000000000000009 38.265000000000008 5.5000000000000009 6.5050000000000008 40.375000000000007 4.5850000000000009 3.1339285714285716 6.8750000000000009 0.1188235294117647 1.5000000000000002 6.1050000000000013 39.240000000000002 0.18333333333333332 23.850000000000005 54.695000000000007 29.610000000000003 0.2678571428571429 6.8850000000000007 3.0650000000000004
decision_type=2 2 2 2 2 2 2 2 2 2 2 2 2 2 2 2 2 2 2 2 2 2 2
left_child=1 10 4 5 7 -4 8 -2 -5 -9 -1 18 17 -14 -3 -15 -17 -13 19 20 -7 -11 -12
right_child=2 14 3 6 -6 11 -8 9 -10 21 22 12 13 15 -16 16 -18 -19 -20 -21 -22 -23 -24
leaf_value=0.029753349000270282 -0.034157840692812309 0.026056609608403791 -0.0031575752306960839 -0.013243400041910569 -0.033601776843704065 -0.0054486149675368849 -0.019114481503832 -0.01636379065149168 -0.00262178238137303 -0.0060206116232894152 -0.026824171898586505 -0.032445104905608382 -0.008236542052156794 0.0094038024836043087 0.033631392750535609 -0.027696087571005373 0.014821182866468784 -0.0056821241792693071 0.013376305463899611 0.0067908978915815999 0.0099944185510409192 -0.017580679105283447 0.0022826704835281074
leaf_weight=13.14466295391321 39.242814730852842 276.49289174005389 521.21760580129921 156.4175040088594 107.39652643539011 123.94313306361437 160.95702506788075 482.30860563181341 219.43921235948801 218.83457948453724 8.4447502754628641 12.266676828265188 54.498570844531059 153.51987323909998 299.18113447353244 15.72274883836508 13.085670880973337 84.545316576957703 118.91462046653032 481.23038324713707 50.563964769244194 72.198616540059447 351.83563850075006
leaf_count=56 438 1227 2314 1026 1538 515 1778 3173 1303 1281 47 66 192 550 1308 60 46 436 447 1779 190 453 879
internal_value=1.849e-11 0.019212 -0.00590805 -0.00129513 -0.0167703 0.00179058 -0.0106619 -0.0145458 -0.0070421 -0.0135506 0.00259141 0.00411765 -0.000374996 0.00318071 0.0299933 0.00659337 -0.00838343 -0.00907316 0.00605261 0.00472449 -0.000973949 -0.0088884 0.00160042
internal_weight=4035.4 949.099 3086.3 2166.32 919.981 1629.51 536.814 812.585 375.857 773.342 373.425 1108.29 333.639 236.827 575.674 182.328 28.8084 96.812 774.652 655.737 174.507 291.033 360.28
internal_count=21102 3517 17585 10702 6883 6595 4107 5345 2329 4907 982 4281 1350 848 2535 656 106 502 2931 2484 705 1734 926
is_linear=0
shrinkage=0.03


Tree=17
num_leaves=24
num_cat=0
split_feature=0 8 8 0 17 25 8 2 8 3 12 23 5 23 1 1 1 13 22 12 4 5 24
split_gain=460.538 178.985 160.649 64.0932 40.7986 26.3833 17.5917 15.7067 15.5214 12.089 12.9475 11.8972 11.5611 10.1171 9.65486 9.0969 8.89923 8.83699 8.74084 8.57956 8.18606 9.50194 10.541
threshold=1.5000000000000002 29.220000000000002 30.470000000000002 3.5000000000000004 0.012352941176470551 5.5000000000000009 42.220000000000006 6.205000000000001 8.1100000000000012 39.935000000000009 6.785000000000001 4.2361111111111116 0.22500000000000003 3.1339285714285716 2.3050000000000002 4.6250000000000009 6.1050000000000013 -1.0000000180025095e-35 24.650000000000002 6.9750000000000005 32.655000000000008 0.17500000000000002 0.15476190476190474
decision_type=2 2 2 2 2 2 2 2 2 2 2 2 2 2 2 2 2 2 2 2 2 2 2
left_child=1 12 4 7 14 6 -5 11 -6 18 17 20 13 -1 -2 -10 -3 -11 -8 -9 21 -4 -23
right_child=2 16 3 5 8 -7 9 19 15 10 -12 -13 -14 -15 -16 -17 -18 -19 -20 -21 -22 22 -24
leaf_value=0.029515350318732366 -0.039533146089137793 0.025382558677131722 0.0082805880745889862 -0.0096267648062201561 -0.03077111055182195 -0.018133021509362128 -0.012814107881454399 0.0093268643325854963 -0.013360960819217435 -0.0034471247834118863 -0.0014164596901328228 -0.021060456632424198 -0.034285704076674195 0.0021216900779703557 -0.023311775732236327 -0.005986148722729798 0.032991515162722543 0.027628552913143475 -0.00072209509535793299 -0.0075339694926167397 -0.0013377656742029444 -0.026516337463333768 0.0020506768416320756
leaf_weight=12.574421659111975 38.578376141376793 266.72561867907643 229.85196675360203 335.45626107789576 37.189250884577632 152.98839534819126 67.732736639678478 423.90428003668785 444.03263489343226 10.74166042730212 52.495789669454098 21.280945479869843 7.6097524911165229 346.28674557805061 229.3117041317746 227.74150902405381 287.4022329300642 35.30368585139513 261.59099853411317 29.020689435303211 353.60609974712133 15.30387097597122 48.35945176333189
leaf_count=56 626 1227 844 2061 395 1716 367 1545 2607 60 270 109 27 899 2580 1195 1308 125 1353 106 1367 66 193
internal_value=4.38937e-11 0.0185716 -0.00567159 -0.000876417 -0.0156739 -0.00676226 -0.00448328 0.00393329 -0.0119052 -0.000450667 0.00876795 0.00101054 0.00230563 0.00308156 -0.0256478 -0.0108608 0.029329 0.0203791 -0.00320909 0.00824652 0.00173636 0.00543984 -0.00481648
internal_weight=3935.09 920.599 3014.49 2037.64 976.853 916.31 763.321 1121.33 708.963 427.865 98.5411 668.402 366.471 358.861 267.89 671.774 554.128 46.0453 329.324 452.925 647.121 293.515 63.6633
internal_count=21102 3517 17585 10182 7403 5952 4236 4230 4197 2175 455 2579 982 955 3206 3802 2535 185 1720 1651 2470 1103 259
is_linear=0
shrinkage=0.03


Tree=18
num_leaves=24
num_cat=0
split_feature=0 8 8 0 17 8 25 1 3 8 24 8 3 2 12 1 9 10 2 3 1 8 15
split_gain=414.292 172.068 150.967 55.596 39.1753 16.6218 15.8892 15.0696 12.9097 11.6229 10.8309 11.0394 9.99723 12.7704 9.21177 9.09614 9.02699 9.73358 8.96463 8.72278 8.61016 8.34091 8.23612
threshold=1.5000000000000002 29.220000000000002 30.470000000000002 4.5000000000000009 0.012352941176470551 50.970000000000006 5.5000000000000009 3.3350000000000004 28.795000000000005 49.830000000000005 0.18333333333333332 16.265000000000004 25.525000000000002 4.3650000000000011 7.0250000000000012 2.3050000000000002 47.210000000000008 1.5000000000000002 4.6750000000000007 31.830000000000002 6.4350000000000014 23.555000000000003 1.5000000000000002
decision_type=2 2 2 2 2 2 2 2 2 2 2 2 2 2 2 2 2 2 2 2 2 2 2
left_child=1 10 4 5 15 8 9 -6 -4 -5 11 22 13 -13 -7 -2 -10 -18 -15 -9 -3 -21 -1
right_child=2 20 3 6 7 14 -8 19 16 -11 -12 12 -14 18 -16 -17 17 -19 -20 21 -22 -23 -24
leaf_value=0.00053898648456144661 -0.039127559399324857 0.025673365922636793 -0.0043559699520555051 -0.0093189196285509979 -0.02620452729643007 0.0092412892240102684 -0.017747027435186153 -0.013994832289611504 0.00076709000724237771 0.0029705785653925602 0.020901476397938212 -0.024224546198530147 0.00680697025923709 0.02621888850837379 -0.027963555453867441 -0.022960905489034927 0.008938249317406978 -0.031405356737570209 -0.0064028963687426639 -0.011148104794253936 0.03349679963218264 -0.0017117605318735225 -0.01845262594490605
leaf_weight=40.605579402297735 36.498021565377712 327.09541219100356 343.19630250707269 254.56103536114097 57.901054793968797 291.86501624435186 146.39226493425667 295.26898330077529 649.14144825935364 95.149427022784948 25.12753152102232 23.833107799291611 196.32996160537004 11.318499296903608 6.1149282306432715 220.89785733260214 207.06913323327899 5.525907225906848 22.963285833597183 189.6504541374743 206.55954286828637 151.76887990534306 41.612395212054253
leaf_count=114 626 1582 1521 1691 573 1142 1703 1719 2752 515 87 61 517 23 23 2580 804 31 52 1099 953 806 128
internal_value=-2.34776e-12 0.0178735 -0.0054235 -0.000740919 -0.0152562 0.00213353 -0.00944887 -0.0115515 0.000564587 -0.00597519 0.00190172 0.000483632 0.00357167 -0.00735817 0.0084778 -0.0252533 0.00252425 0.00788961 0.00436754 -0.0102189 0.0287015 -0.00695343 -0.0090731
internal_weight=3846.45 895.445 2951 1999.02 951.985 1502.91 496.103 694.589 1204.93 349.71 361.79 336.663 254.445 58.1149 297.98 257.396 861.736 212.595 34.2818 636.688 533.655 341.419 82.218
internal_count=21102 3517 17585 10182 7403 6273 3909 4197 5108 2206 982 895 653 136 1165 3206 3587 835 75 3624 2535 1905 242
is_linear=0
shrinkage=0.03


Tree=19
num_leaves=24
num_cat=0
split_feature=0 8 8 0 0 1 25 1 25 8 23 12 21 23 5 8 1 23 20 12 1 22 3
split_gain=379.898 160.688 144.798 49.6185 35.1546 22.9765 12.9403 11.4512 10.1021 9.77814 9.70584 15.9566 10.7588 9.68971 9.26609 8.4649 8.13204 7.92973 10.3775 11.5582 8.96554 11.1197 10.073
threshold=1.5000000000000002 29.220000000000002 36.215000000000011 4.5000000000000009 4.5000000000000009 4.4650000000000007 5.5000000000000009 7.1350000000000007 5.5000000000000009 6.5050000000000008 3.5634920634920646 6.6350000000000007 29.950000000000003 3.1339285714285716 0.17500000000000002 43.050000000000004 3.0650000000000004 3.683333333333334 0.23500000000000001 6.8950000000000005 4.4050000000000011 23.950000000000003 40.055000000000007
decision_type=2 2 2 2 2 2 2 2 2 2 2 2 2 2 2 2 2 2 2 2 2 2 2
left_child=1 13 3 5 7 9 -5 10 -6 -2 11 -4 -12 -1 -7 -3 -15 -18 19 20 21 -19 -23
right_child=2 15 4 6 8 14 -8 -9 -10 -11 12 -13 -14 16 -16 -17 17 18 -20 -21 -22 22 -24
leaf_value=0.028618310790182934 -0.033082947528123276 0.024253873076230333 0.019235556863279563 -0.017782373948880902 -0.0038631432042492671 -0.0025906185289402768 -0.029794171962520988 0.011260724095661617 -0.014632869245006619 -0.013537866907964383 -0.0062168340245538052 0.0025484280160389268 0.033762728973093126 -0.027785825344664224 -0.010360975847164822 0.031958246754673417 -0.0018327604540701672 -0.024089156823775042 -0.020179081351381564 -0.012316105104805313 0.02560937252396138 0.0060182188923939518 0.040349927080665308
leaf_weight=11.825149364769457 24.598743513226509 255.0171779692173 54.985589548945427 212.93435998819768 271.48530119098723 381.86334919556975 129.99611752852798 149.30062789469957 110.20847796462476 362.82360096089542 147.64686837792397 830.86007727310061 6.3172228857874861 8.6118652485311014 216.38754437118769 258.39767024293542 210.04002240300179 8.8065525293350202 10.982471913099287 17.229203768074512 38.488492544740438 41.137231886386871 9.4603414833545667
leaf_count=56 299 1275 200 2040 1720 1904 1945 607 1329 2273 657 3422 20 47 1169 1260 553 21 30 50 104 99 22
internal_value=-8.85097e-12 0.0173866 -0.00521702 -0.0125067 0.000948709 -0.00908709 -0.0223357 0.00349142 -0.00697274 -0.0147788 0.00237587 0.00358422 -0.00457645 0.00191592 -0.00540116 0.0281314 0.00100003 0.00173751 0.00768418 0.0103423 0.0143302 0.00702232 0.0124373
internal_weight=3769.4 869.996 2899.41 1328.6 1570.8 985.673 342.93 1189.11 381.694 387.422 1039.81 885.846 153.964 356.581 598.251 513.415 344.756 336.144 126.104 115.122 97.8926 59.4041 50.5976
internal_count=21102 3517 17585 9630 7955 5645 3985 4906 3049 2572 4299 3622 677 982 3073 2535 926 879 326 296 246 142 121
is_linear=0
shrinkage=0.03


Tree=20
num_leaves=24
num_cat=0
split_feature=0 8 8 0 17 1 12 23 1 20 8 3 8 23 1 4 4 23 4 1 25 13 8
split_gain=346.299 152.237 135.11 44.4906 32.8817 23.0911 17.4039 14.8401 13.3828 10.713 9.58892 9.26296 11.5037 8.9 8.84528 8.30245 11.0136 8.49699 8.43035 8.29544 7.69385 7.63965 7.41569
threshold=1.5000000000000002 29.220000000000002 30.470000000000002 3.5000000000000004 0.012352941176470551 5.8450000000000006 6.8550000000000013 3.0500000000000003 3.3350000000000004 -0.064999999999999988 40.260000000000005 39.935000000000009 47.090000000000011 3.1339285714285716 2.3050000000000002 31.970000000000002 36.215000000000011 3.4722222222222228 37.720000000000006 6.4350000000000014 5.5000000000000009 1.0000000180025095e-35 53.650000000000006
decision_type=2 2 2 2 2 2 2 2 2 2 2 2 2 2 2 2 2 2 2 2 2 2 2
left_child=1 13 4 7 14 20 11 22 -6 -9 21 -7 -13 -1 -2 17 -17 -12 -18 -3 -5 -11 -4
right_child=2 19 3 5 8 6 -8 9 -10 10 15 12 -14 -15 -16 16 18 -19 -20 -21 -22 -23 -24
leaf_value=0.027704937931475201 -0.038311397961206549 0.024501711897153559 0.006341832618800205 -0.010113663677538364 -0.025281638230935891 -0.00075287363520849554 -0.009039602045591285 0.016177564462622834 -0.0098280850513478655 -0.0051161004746567264 0.013127136750226845 -0.0045500579966342731 0.018638252031133066 0.0008236500167443302 -0.021702382702109745 -0.0083118432283970194 0.018216015299680855 -0.003879757445593518 0.00081298719998818176 0.032481495768898153 -0.022716113440813483 0.016329626526797262 0.017086020329883458
leaf_weight=11.461201820522545 33.48708848003298 304.31630791351199 300.64047268033028 242.14588217251003 54.950635373592377 282.49512297101319 205.84530404396355 39.451724290847778 613.73590419068933 277.3386597186327 107.99899826943874 29.561775157228112 55.226140869781375 337.63072511553764 208.76086686272174 91.210648320615292 33.609948754310608 35.010972246527672 98.384187988936901 190.73108180984855 53.172915287315845 15.801534093916414 71.581601023674011
leaf_count=56 626 1582 1183 1543 573 1812 1513 141 3624 1179 402 207 254 926 2580 370 115 135 364 953 623 58 283
internal_value=-2.04245e-11 0.0168777 -0.00499827 -0.000522041 -0.0145286 -0.00556798 -0.00205649 0.00356947 -0.011098 0.000992196 8.35969e-05 0.00185723 0.0105535 0.0017062 -0.0239983 0.0033204 -0.000295263 0.0089636 0.00524436 0.0275762 -0.0123828 -0.00396008 0.00840804
internal_weight=3694.55 844.139 2850.41 1939.48 910.934 868.447 573.128 1071.03 668.687 698.807 659.355 367.283 84.7879 349.092 242.248 366.215 223.205 143.01 131.994 495.047 295.319 293.14 372.222
internal_count=21102 3517 17585 10182 7403 5952 3786 4230 4197 2764 2623 2273 461 982 3206 1386 849 537 479 2535 2166 1237 1466
is_linear=0
shrinkage=0.03


Tree=21
num_leaves=24
num_cat=0
split_feature=0 8 8 0 17 8 1 8 12 12 3 1 1 1 25 1 20 23 23 3 8 2 3
split_gain=320.181 140.774 124.246 42.9647 30.7308 16.2849 13.1675 13.1046 9.9764 9.48569 9.17374 8.54657 8.21627 8.21283 7.55482 7.49793 8.95004 7.36614 7.72998 7.35615 7.5671 7.22014 8.59257
threshold=1.5000000000000002 29.220000000000002 30.470000000000002 4.5000000000000009 0.012352941176470551 38.265000000000008 3.3350000000000004 49.830000000000005 6.785000000000001 6.8750000000000009 40.555000000000007 2.3050000000000002 3.0650000000000004 6.1050000000000013 5.5000000000000009 7.1350000000000007 0.22500000000000003 3.1339285714285716 3.683333333333334 31.830000000000002 23.555000000000003 4.3850000000000007 21.010000000000002
decision_type=2 2 2 2 2 2 2 2 2 2 2 2 2 2 2 2 2 2 2 2 2 2 2
left_child=1 12 4 5 11 -4 -6 14 10 -7 -9 -2 -1 -3 -5 16 -11 -14 21 -8 -21 22 -19
right_child=2 13 3 7 6 9 19 8 -10 15 -12 -13 17 -15 -16 -17 -18 18 -20 20 -22 -23 -24
leaf_value=-0.027181586181449162 -0.037853823615461704 0.022930795980528735 -0.0029201721439784407 -0.0084179227820077099 -0.024918205488807403 0.0060281459930770134 -0.013021625066099725 0.0019285832368728434 -0.0067032981598214797 -0.0036526889539424869 0.030507403136608238 -0.021108927549145791 0.027009932617392044 0.030799355198052866 -0.01802435617115402 0.011584305700414807 0.018018385260081142 -0.031154309089672622 0.0078345719955347486 -0.010490270295478377 -0.0012765379438092973 0.0042588880969509435 -0.0040879464535091082
leaf_weight=8.5599529035389406 31.710442059673369 231.50543968379498 416.14127538353205 239.75269355624914 54.105086129158735 710.27744053304195 281.57296689040959 32.109667202457786 75.331165805459023 246.4050657004118 14.753548843786119 203.35960557963699 10.754343695938585 246.49935895204544 106.36630987562239 41.401554014533758 18.434888139367104 11.829834014177321 119.78140181303024 180.57080319151282 144.35850761085749 96.029123581945896 98.045119069516659
leaf_count=48 626 1227 1992 1691 573 2931 1719 231 612 1092 69 2580 55 1308 1306 186 72 36 326 1099 806 266 251
internal_value=1.89409e-11 0.0164476 -0.00484025 -0.000499832 -0.0140523 0.00207878 -0.0107375 -0.0083883 5.77061e-05 0.00412525 0.0109258 -0.0233678 0.00184308 0.0269885 -0.0113701 -0.000288223 -0.00214422 0.00258154 0.0017749 -0.00947243 -0.00639682 -0.00175021 -0.00700208
internal_weight=3619.66 823.005 2796.65 1900.97 895.677 1432.66 660.607 468.313 122.194 1016.52 46.8632 235.07 345 478.005 346.119 306.242 264.84 336.44 325.685 606.502 324.929 205.904 109.875
internal_count=21102 3517 17585 10182 7403 6273 4197 3909 912 4281 300 3206 982 2535 2997 1350 1164 934 879 3624 1905 553 287
is_linear=0
shrinkage=0.03


Tree=22
num_leaves=24
num_cat=0
split_feature=0 8 8 25 17 8 8 23 6 12 2 3 2 2 20 4 12 4 9 15 1 1 21
split_gain=283.599 138.783 120.755 39.0803 28.1807 14.295 12.4266 10.6707 10.3139 9.32402 10.5187 8.97236 8.3555 12.5074 10.8421 9.96833 10.6106 10.5125 10.3515 11.2208 8.16467 8.11327 7.94171
threshold=1.5000000000000002 29.220000000000002 30.470000000000002 4.5000000000000009 0.012352941176470551 41.205000000000005 15.205000000000002 3.4142857142857146 0.1188235294117647 6.7950000000000008 6.8950000000000005 31.830000000000002 4.9450000000000012 4.7750000000000012 0.30500000000000005 39.615000000000002 6.8950000000000005 37.775000000000013 24.315000000000001 3.5000000000000004 2.3050000000000002 6.1050000000000013 25.950000000000003
decision_type=2 2 2 2 2 2 2 2 2 2 2 2 2 2 2 2 2 2 2 2 2 2 2
left_child=1 12 4 5 20 8 -6 9 -4 10 -5 -8 13 14 15 16 17 -1 19 -18 -2 -3 -14
right_child=2 21 3 7 6 -7 11 -9 -10 -11 -12 -13 22 -15 -16 -17 18 -19 -20 -21 -22 -23 -24
leaf_value=0.0045711169375626005 -0.037390858517406651 0.022319915870421196 -0.0079911359365866103 -0.0044731735337154906 -0.019480063062845693 0.0044998904353502223 -0.012778357380912887 -0.017792114939554071 0.00088246377222607551 -0.010291636000994135 0.015165352485353584 -0.0049850956519533664 0.00097317674844685535 -0.026450562843543385 -0.032219632086263057 0.016529671032240591 -0.035503181751905123 -0.028443072153046731 0.018250444245335624 -0.00025495021559576622 -0.020627635907193555 0.030278994708475764 0.018698970159275869
leaf_weight=139.67952673137188 30.142047586850822 223.98446816392243 162.37026000767946 111.12968929857016 116.00505430065095 864.83399989083409 250.78782032057643 85.880636537447572 430.30145797878504 189.35716586560011 31.505363585427403 282.98102035187185 50.740227621048689 17.060982845723629 8.9482425153255445 33.562996167689562 20.571110375225544 9.2557564787566644 7.0998531281948081 13.437689226120709 197.42629391141236 237.48701328970492 41.234614320099354
leaf_count=384 626 1227 1039 933 979 3633 1557 836 1841 1686 214 1661 157 54 29 97 61 32 18 39 2580 1308 111
internal_value=-4.07051e-12 0.015686 -0.00457614 -0.000278474 -0.0137627 0.00204038 -0.0105808 -0.00836643 -0.00154858 -0.00592817 -0.000135398 -0.00864671 0.00119051 -0.00165757 0.000161317 0.00145713 -0.00120478 0.00251941 -0.0146974 -0.0215758 -0.022848 0.0264159 0.00892009
internal_weight=3555.78 803.062 2752.72 1875.38 877.342 1457.51 649.774 417.873 592.672 331.992 142.635 533.769 341.591 249.616 232.555 223.607 190.044 148.935 41.1087 34.0088 227.568 461.471 91.9748
internal_count=21102 3517 17585 10182 7403 6513 4197 3669 2880 2833 1147 3218 982 714 660 631 534 416 118 100 3206 2535 268
is_linear=0
shrinkage=0.03


end of trees

feature_importances:
national_2連率=112
national_win_rate=87
start_course=51
boat_number=49
racer_recent_avg_order=41
motor_2連率=37
exhibition_time=35
local_win_rate=25
boat_hull_2連率=14
course_win_rate=13
course_sashi_rate=11
average_start_timing=9
racer_recent_win_rate=8
start_timing_preview=7
local_2連率=6
tilt_angle=5
course_makuri_rate=4
temperature_c=4
water_temperature_c=4
wind_speed_m=3
flying_count=2
wave_height_cm=2

parameters:
[boosting: gbdt]
[objective: lambdarank]
[metric: ndcg]
[tree_learner: serial]
[device_type: cpu]
[data_sample_strategy: bagging]
[data: ]
[valid: ]
[num_iterations: 23]
[learning_rate: 0.03]
[num_leaves: 24]
[num_threads: 0]
[seed: 0]
[deterministic: 0]
[force_col_wise: 0]
[force_row_wise: 0]
[histogram_pool_size: -1]
[max_depth: -1]
[min_data_in_leaf: 20]
[min_sum_hessian_in_leaf: 0.001]
[bagging_fraction: 1]
[pos_bagging_fraction: 1]
[neg_bagging_fraction: 1]
[bagging_freq: 0]
[bagging_seed: 3]
[bagging_by_query: 0]
[feature_fraction: 1]
[feature_fraction_bynode: 1]
[feature_fraction_seed: 2]
[extra_trees: 0]
[extra_seed: 6]
[early_stopping_round: 0]
[early_stopping_min_delta: 0]
[first_metric_only: 0]
[max_delta_step: 0]
[lambda_l1: 0]
[lambda_l2: 0]
[linear_lambda: 0]
[min_gain_to_split: 0]
[drop_rate: 0.1]
[max_drop: 50]
[skip_drop: 0.5]
[xgboost_dart_mode: 0]
[uniform_drop: 0]
[drop_seed: 4]
[top_rate: 0.2]
[other_rate: 0.1]
[min_data_per_group: 100]
[max_cat_threshold: 32]
[cat_l2: 10]
[cat_smooth: 10]
[max_cat_to_onehot: 4]
[top_k: 20]
[monotone_constraints: ]
[monotone_constraints_method: basic]
[monotone_penalty: 0]
[feature_contri: ]
[forcedsplits_filename: ]
[refit_decay_rate: 0.9]
[cegb_tradeoff: 1]
[cegb_penalty_split: 0]
[cegb_penalty_feature_lazy: ]
[cegb_penalty_feature_coupled: ]
[path_smooth: 0]
[interaction_constraints: ]
[verbosity: -1]
[saved_feature_importance_type: 0]
[use_quantized_grad: 0]
[num_grad_quant_bins: 4]
[quant_train_renew_leaf: 0]
[stochastic_rounding: 1]
[linear_tree: 0]
[max_bin: 255]
[max_bin_by_feature: ]
[min_data_in_bin: 3]
[bin_construct_sample_cnt: 200000]
[data_random_seed: 1]
[is_enable_sparse: 1]
[enable_bundle: 1]
[use_missing: 1]
[zero_as_missing: 0]
[feature_pre_filter: 1]
[pre_partition: 0]
[two_round: 0]
[header: 0]
[label_column: ]
[weight_column: ]
[group_column: ]
[ignore_column: ]
[categorical_feature: ]
[forcedbins_filename: ]
[precise_float_parser: 0]
[parser_config_file: ]
[objective_seed: 5]
[num_class: 1]
[is_unbalance: 0]
[scale_pos_weight: 1]
[sigmoid: 1]
[boost_from_average: 1]
[reg_sqrt: 0]
[alpha: 0.9]
[fair_c: 1]
[poisson_max_delta_step: 0.7]
[tweedie_variance_power: 1.5]
[lambdarank_truncation_level: 30]
[lambdarank_norm: 1]
[label_gain: ]
[lambdarank_position_bias_regularization: 0]
[eval_at: 1,3]
[multi_error_top_k: 1]
[auc_mu_weights: ]
[num_machines: 1]
[local_listen_port: 12400]
[time_out: 120]
[machine_list_filename: ]
[machines: ]
[gpu_platform_id: -1]
[gpu_device_id: -1]
[gpu_device_id_list: ]
[gpu_use_dp: 0]
[num_gpu: 1]

end of parameters

pandas_categorical:[]
